12019
12027
12186
12196
12309
13066
13214
13413
13850
14001
14031
14032
14052
14174
14221
14226
14450
14472
14618
14625
32024
32064
32259
32309
32311
32312
32317
32347
32424
32571
32583
32605
32798
32927
32955
32976
33514
33543
33875
34448
53005
53012
53017
53029
53044
53045
53046
53072
53089
53092
53097
53122
53153
53217
53597
54113
54115
54169
54313
54482
75022
75025
75028
75035
75860
76092
76250
76365
76633
76638
77059
77062
77094
77345
77836
77836
78118
78733
79014
79323
85045
85083
85120
85212
85226
85249
85256
85284
85286
85296
85297
85298
85546
85602
85629
85641
85747
85938
86025
86032
90740
92242
92251
93252
93527
93555
93611
93619
93626
93720
93730
93921
94089
95134
95327
95630
95742
96064
96101
96130
98029
98052
98074
98349
98506
98586
98607
98823
99016
99021
99022
99026
99111
99203
99223
99337
99338
99352
99353
99354
