01001
01002
01003
01005
01007
01008
01010
01011
01012
01013
01022
01026
01027
01028
01029
01030
01032
01033
01034
01035
01036
01037
01038
01039
01040
01050
01053
01054
01056
01057
01060
01062
01063
01068
01069
01070
01071
01072
01073
01075
01077
01079
01080
01082
01083
01084
01085
01086
01088
01089
01093
01095
01096
01097
01098
01102
01103
01104
01105
01106
01107
01108
01109
01111
01118
01119
01128
01129
01151
01201
01202
01220
01222
01223
01225
01226
01227
01230
01235
01236
01237
01238
01240
01242
01243
01244
01245
01247
01252
01253
01254
01255
01256
01257
01258
01259
01262
01266
01267
01270
01301
01330
01331
01337
01338
01339
01340
01341
01342
01344
01346
01349
01351
01354
01355
01360
01364
01366
01367
01368
01370
01373
01375
01376
01378
01379
01380
01420
01430
01431
01432
01434
01436
01440
01450
01451
01452
01453
01460
01462
01463
01464
01468
01469
01473
01474
01475
01501
01503
01504
01505
01506
01507
01508
01510
01515
01516
01518
01519
01520
01521
01522
01523
01524
01527
01529
01531
01532
01534
01535
01536
01537
01540
01541
01543
01545
01550
01560
01562
01564
01566
01568
01569
01570
01571
01581
01583
01585
01588
01590
01602
01603
01604
01605
01606
01607
01609
01610
01611
01701
01702
01718
01720
01721
01730
01740
01741
01742
01745
01746
01747
01748
01749
01752
01754
01756
01757
01760
01770
01772
01773
01775
01776
01778
01801
01803
01810
01821
01824
01826
01827
01830
01832
01833
01834
01835
01840
01841
01842
01843
01844
01845
01850
01851
01852
01853
01854
01862
01863
01864
01876
01879
01880
01885
01886
01887
01890
01901
01902
01903
01904
01905
01906
01907
01908
01913
01915
01921
01922
01923
01929
01930
01938
01940
01944
01945
01950
01951
01952
01960
01965
01966
01970
01982
01983
01984
01985
02019
02020
02021
02025
02026
02030
02032
02035
02038
02040
02043
02045
02048
02050
02052
02053
02054
02056
02059
02061
02066
02067
02071
02072
02081
02090
02093
02108
02110
02112
02114
02115
02116
02117
02118
02119
02120
02121
02122
02123
02124
02125
02126
02127
02128
02129
02130
02131
02132
02134
02135
02136
02138
02139
02140
02141
02142
02143
02144
02145
02148
02149
02150
02151
02152
02155
02163
02169
02170
02171
02176
02180
02184
02186
02188
02189
02190
02191
02199
02201
02210
02215
02269
02301
02302
02303
02322
02324
02325
02330
02332
02333
02334
02338
02339
02341
02343
02345
02346
02347
02351
02356
02359
02360
02361
02364
02366
02367
02368
02370
02375
02379
02381
02382
02420
02421
02445
02446
02451
02452
02453
02454
02458
02459
02460
02461
02462
02464
02465
02466
02467
02468
02472
02474
02476
02478
02481
02492
02493
02494
02532
02534
02535
02536
02537
02538
02539
02540
02541
02543
02553
02554
02556
02557
02558
02559
02561
02562
02563
02565
02568
02571
02574
02575
02576
02601
02630
02631
02632
02633
02634
02635
02637
02638
02639
02641
02642
02643
02644
02645
02646
02647
02648
02649
02650
02651
02652
02653
02655
02657
02659
02660
02661
02662
02663
02664
02666
02667
02668
02669
02670
02671
02672
02673
02675
02702
02703
02713
02714
02715
02717
02718
02719
02720
02721
02723
02724
02725
02726
02738
02739
02740
02743
02744
02745
02746
02747
02748
02760
02762
02764
02766
02767
02769
02770
02771
02777
02779
02780
02790
02791
03001
03024
03031
03032
03033
03034
03036
03037
03038
03041
03042
03043
03044
03045
03046
03047
03048
03049
03051
03052
03053
03054
03055
03056
03057
03059
03060
03061
03062
03063
03064
03066
03069
03070
03071
03072
03076
03077
03079
03082
03084
03085
03086
03087
03101
03102
03103
03104
03106
03109
03110
03201
03203
03215
03216
03217
03218
03220
03221
03222
03223
03224
03225
03226
03227
03229
03230
03231
03233
03234
03235
03236
03237
03240
03241
03242
03243
03244
03245
03246
03249
03251
03253
03254
03255
03256
03257
03258
03259
03260
03261
03262
03263
03264
03265
03266
03268
03269
03273
03275
03276
03278
03279
03280
03281
03282
03284
03285
03287
03290
03293
03301
03302
03303
03304
03305
03306
03307
03431
03435
03440
03441
03442
03443
03444
03445
03446
03447
03448
03449
03450
03451
03452
03455
03456
03457
03458
03461
03462
03464
03465
03466
03467
03470
03471
03508
03561
03570
03574
03576
03579
03580
03581
03582
03583
03584
03585
03586
03588
03590
03592
03593
03595
03598
03601
03602
03603
03604
03605
03607
03608
03609
03712
03740
03741
03743
03745
03746
03748
03749
03750
03751
03752
03753
03754
03755
03765
03766
03768
03769
03770
03771
03773
03774
03777
03779
03780
03781
03782
03783
03784
03785
03799
03801
03802
03804
03805
03808
03809
03810
03811
03812
03813
03814
03815
03816
03817
03818
03819
03820
03823
03824
03825
03826
03827
03830
03832
03833
03835
03836
03837
03838
03839
03840
03841
03842
03843
03844
03845
03846
03847
03848
03849
03850
03851
03852
03853
03854
03855
03856
03857
03858
03860
03861
03862
03864
03865
03866
03867
03868
03869
03870
03871
03872
03873
03874
03875
03878
03882
03883
03884
03885
03886
03887
03890
03894
03896
03897
03901
03902
03903
03904
03905
03906
03908
03909
04002
04005
04006
04008
04010
04011
04015
04017
04021
04022
04027
04032
04038
04039
04040
04041
04042
04043
04046
04047
04049
04051
04055
04062
04063
04064
04069
04070
04071
04072
04073
04074
04078
04079
04083
04084
04086
04087
04090
04092
04093
04096
04097
04101
04102
04103
04105
04106
04107
04108
04208
04210
04217
04219
04222
04231
04236
04238
04240
04256
04260
04261
04263
04268
04270
04276
04282
04289
04294
04330
04342
04345
04347
04348
04349
04351
04352
04353
04355
04363
04401
04402
04412
04414
04416
04421
04422
04427
04428
04429
04441
04444
04457
04468
04469
04472
04473
04476
04479
04496
04530
04537
04538
04539
04541
04547
04548
04551
04553
04554
04555
04556
04562
04564
04566
04568
04572
04578
04579
04605
04607
04609
04612
04614
04616
04617
04629
04634
04640
04642
04653
04658
04660
04662
04668
04669
04674
04675
04676
04677
04679
04680
04684
04685
04690
04694
04742
04743
04756
04841
04843
04847
04849
04851
04854
04855
04856
04858
04859
04860
04861
04862
04863
04864
04901
04903
04911
04915
04917
04921
04932
04937
04938
04939
04941
04944
04949
04951
04952
04953
04957
04963
04967
04971
04973
04974
04976
04981
04986
04987
04988
04989
05001
05031
05032
05033
05034
05036
05038
05039
05045
05046
05047
05048
05059
05142
05143
05148
05149
05154
05155
05156
05201
05250
05251
05255
05257
05301
05302
05303
05341
05342
05343
05344
05345
05346
05351
05352
05356
05401
05403
05408
05439
05440
05441
05442
05443
05444
05445
05446
05448
05450
05451
05452
05454
05455
05456
05457
05458
05459
05461
05462
05464
05465
05468
05469
05472
05473
05478
05482
05491
05546
05601
05602
05639
05640
05641
05647
05648
05650
05651
05652
05653
05655
05656
05658
05660
05662
05663
05665
05666
05667
05673
05676
05677
05701
05731
05733
05734
05735
05737
05739
05740
05743
05745
05747
05751
05753
05759
05769
05819
05821
05822
05824
05825
05826
05827
05828
05829
05832
05833
05836
05841
05843
05845
05847
05851
05855
05860
05871
05872
05875
05882
05903
05905
05906
06111
07079
07588
08204
10001
10002
10009
1001
10010
10011
10012
10013
10014
10016
10017
10018
10019
1002
10021
10023
10024
10025
10026
10027
10028
10029
1003
10030
10031
10032
10033
10034
10035
10036
10037
10039
1004
10040
10044
1005
1007
10070
1008
1009
1010
1011
1012
10128
1013
10132
1020
1026
1027
10278
1028
10280
10282
1029
1030
10301
10302
10303
10304
10305
10306
10307
10308
10309
1031
10310
10311
10312
10313
10314
10318
1032
1033
1034
1035
10354
1036
1037
1038
1039
1040
10451
10452
10453
10454
10455
10456
10457
10458
10459
10460
10461
10462
10463
10464
10465
10466
10467
10468
10469
10470
10471
10472
10473
10474
10475
10492
1050
10501
10502
10503
10504
10505
10506
10507
10509
10510
10511
10512
10514
10516
10517
10518
10519
10520
10521
10522
10523
10524
10526
10527
10528
1053
10530
10532
10533
10535
10536
10537
10538
1054
10540
10541
10542
10543
10546
10547
10548
10549
10550
10552
10553
1056
10560
10562
10566
10567
1057
10570
10573
10576
10577
10578
10579
10580
10583
10588
10589
10590
10591
10594
10595
10596
10597
10598
1060
10601
10603
10604
10605
10606
10607
1061
1062
1063
10654
1066
1068
1069
1070
10701
10702
10703
10704
10705
10706
10707
10708
10709
1071
10710
1072
1073
10741
1075
1077
1079
1080
10801
10803
10804
10805
1081
1082
1083
1084
1085
1088
1089
10901
10902
10904
10913
10914
10915
10916
10917
10918
10919
1092
10920
10921
10922
10923
10924
10925
10926
10927
10928
1093
10930
10931
10932
10933
1094
10940
10941
10949
1095
10950
10952
10953
10954
10956
10958
10959
1096
10960
10962
10963
10964
10965
10968
10969
1097
10970
10973
10974
10975
10976
10977
10979
1098
10980
10981
10982
10983
10984
10985
10986
10987
10988
10989
10990
10992
10993
10994
10996
10998
11001
11003
11004
1101
11010
11020
11021
11023
11024
1103
11030
1104
11040
1105
11050
1106
1107
1108
1109
11096
11101
11102
11103
11104
11105
11106
11135
11143
11175
11177
1118
1119
11201
11203
11204
11205
11206
11207
11208
11209
11210
11211
11212
11213
11214
11215
11216
11217
11218
11219
11220
11221
11222
11223
11224
11225
11226
11228
11229
11230
11231
11232
11233
11234
11235
11236
11237
11238
11239
11247
11249
1128
1129
11319
11320
11334
11335
11336
11351
11354
11355
11356
11357
11358
11359
11360
11361
11362
11363
11364
11365
11366
11367
11368
11369
11370
11371
11372
11373
11374
11375
11377
11378
11379
11385
11405
11411
11412
11413
11414
11415
11416
11417
11418
11419
11420
11421
11422
11423
11424
11425
11426
11427
11428
11429
11432
11433
11434
11435
11436
11439
11501
11507
11509
1151
11510
11514
11516
11518
11520
11530
11542
11545
11547
11548
11549
11550
11552
11553
11554
11557
11558
11559
11560
11561
11563
11565
11566
11568
11569
11570
11572
11575
11576
11577
11578
11579
11580
11581
11582
11590
11596
11598
11631
11635
11691
11692
11693
11694
11697
11701
11702
11703
11704
11705
11706
11707
11709
11710
11713
11714
11715
11716
11717
11718
11719
11720
11721
11722
11724
11725
11726
11727
11729
11730
11731
11732
11733
11735
11738
11739
11740
11741
11742
11743
11746
11747
11749
11751
11752
11753
11754
11755
11756
11757
11758
11762
11763
11764
11765
11766
11767
11768
11769
11770
11771
11772
11773
11776
11777
11778
11779
11780
11782
11783
11784
11786
11787
11788
11789
11790
11791
11792
11793
11795
11796
11797
11798
11801
11802
11803
11804
11809
11901
11930
11931
11932
11933
11934
11935
11937
11939
11940
11941
11942
11944
11946
11947
11948
11949
11950
11951
11952
11953
11954
11955
11956
11957
11958
11959
11960
11961
11962
11963
11964
11965
11967
11968
11969
11970
11971
11972
11975
11976
11977
11978
11980
1199
12007
12008
12009
1201
12010
12015
12017
12018
12019
1202
12020
12022
12023
12024
12025
12027
12028
12029
12031
12032
12033
12035
12036
12037
12040
12041
12042
12043
12045
12046
12047
12051
12052
12053
12054
12055
12056
12057
12058
12059
12060
12061
12062
12063
12064
12065
12066
12067
12068
12069
12070
12071
12072
12073
12074
12075
12076
12077
12078
12082
12083
12084
12085
12086
12087
12089
12090
12092
12093
12094
12095
12106
12107
12108
12110
12115
12116
12117
12118
12120
12121
12122
12123
12124
12125
12130
12131
12132
12133
12134
12136
12137
12138
12140
12143
12144
12147
12148
12149
12150
12151
12153
12154
12155
12156
12157
12158
12159
12160
12161
12164
12165
12166
12167
12168
12169
12170
12171
12172
12173
12174
12175
12176
12177
12180
12182
12183
12184
12185
12186
12187
12188
12189
12190
12192
12193
12194
12195
12196
12197
12198
1220
12201
12202
12203
12204
12205
12206
12207
12208
12209
12210
12211
12212
1222
12220
12222
1223
12234
1224
1225
1226
1229
1230
12302
12303
12304
12305
12306
12307
12308
12309
12345
1235
1236
1237
1238
12391
1240
12401
12402
12404
12405
12406
12407
12409
12410
12411
12412
12413
12414
12416
12417
12418
12419
1242
12420
12421
12422
12423
12424
12427
12428
12429
1243
12430
12431
12432
12433
12434
12435
12436
12438
12439
1244
12440
12441
12442
12443
12444
12446
12448
12449
1245
12450
12451
12452
12453
12455
12456
12457
12458
12459
12460
12461
12463
12464
12465
12466
12468
12469
1247
12470
12471
12472
12473
12474
12475
12477
12479
12480
12481
12482
12483
12484
12485
12486
12487
12489
12490
12491
12492
12493
12494
12495
12496
12498
12501
12502
12503
12504
12506
12507
12508
12510
12513
12514
12515
12516
12517
12518
1252
12520
12521
12522
12523
12524
12525
12526
12527
12528
12529
1253
12530
12531
12533
12534
12538
1254
12540
12541
12542
12543
12544
12545
12546
12547
12548
12549
1255
12550
12552
12553
1256
12561
12563
12564
12565
12566
12567
12568
12569
1257
12570
12571
12572
12573
12574
12575
12577
12578
1258
12580
12581
12582
12583
12585
12586
12588
12589
1259
12590
12592
12594
1260
12601
12602
12603
12604
1262
12626
12632
1264
1266
1267
12677
1270
12701
12705
12719
12720
12721
12722
12723
12724
12725
12726
12729
12732
12733
12734
12736
12737
12738
12740
12741
12742
12743
12746
12747
12748
12749
12750
12754
12757
12758
12759
12760
12762
12763
12764
12765
12766
12768
12770
12771
12775
12776
12777
12778
12779
12780
12781
12783
12785
12786
12787
12788
12789
12790
12791
12800
12801
12803
12804
12808
12809
12810
12811
12812
12814
12815
12816
12817
12819
12821
12822
12823
12824
12827
12828
12831
12832
12833
12834
12835
12836
12837
12838
12839
12842
12843
12844
12845
12846
12847
12848
12849
12850
12851
12852
12853
12855
12856
12857
12858
12859
12860
12861
12863
12865
12866
12870
12871
12873
12874
12878
12883
12884
12885
12886
12887
12901
12910
12911
12912
12913
12914
12916
12917
12918
12919
12920
12921
12926
12928
12929
12932
12933
12934
12935
12936
12937
12939
12941
12942
12943
12944
12945
12950
12952
12953
12955
12957
12958
12959
12960
12962
12963
12964
12965
12966
12967
12969
12970
12972
12974
12976
12977
12979
12980
12981
12983
12985
12986
12987
12989
12992
12993
12996
12997
1301
13014
1302
13020
13021
13026
13027
13029
13030
13031
13032
13033
13034
13035
13036
13037
13039
13040
13041
13042
13044
13045
13049
13052
13053
13054
13056
13057
13060
13061
13062
13063
13064
13065
13066
13068
13069
13071
13072
13073
13074
13076
13077
13078
13080
13081
13082
13083
13084
13087
13088
13090
13092
13101
13103
13104
13108
13110
13111
13112
13114
13115
13116
13118
13119
13120
13122
13123
13124
13126
13131
13132
13135
13138
13140
13141
13142
13143
13144
13145
13146
13147
13148
13152
13153
13155
13156
13157
13158
13159
13160
13162
13163
13164
13165
13166
13167
13201
13202
13203
13204
13205
13206
13207
13208
13209
13210
13211
13212
13214
13215
13219
13224
13228
13297
1330
13301
13302
13303
13304
13308
13309
1331
13310
13313
13315
13316
13317
13318
13319
13320
13322
13323
13324
13325
13326
13327
13328
13329
13331
13332
13334
13337
13338
13339
13340
13341
13342
13343
13346
13348
13350
13353
13354
13355
13357
13361
13363
13364
13365
13367
1337
1338
1339
1340
13401
13402
13403
13406
13407
13408
13409
1341
13410
13411
13413
13415
13416
13417
13418
1342
13420
13421
13424
13425
13426
13428
1343
13431
13432
13433
13436
13437
13438
13439
1344
13440
13441
13450
13452
13454
13456
13459
1346
13460
13464
13468
13469
1347
13470
13471
13472
13473
13475
13476
13477
13478
13480
13483
13486
13488
13489
1349
13490
13491
13492
13493
13495
1350
13501
13502
1351
1354
1355
1360
13601
13603
13605
13606
13607
13608
13611
13612
13614
13615
13616
13617
13618
13619
13620
13621
13622
13624
13625
13626
13630
13632
13633
13634
13635
13636
13637
13638
1364
13640
13641
13642
13646
13647
13648
13650
13652
13654
13655
13656
13658
13659
1366
13660
13661
13664
13665
13667
13668
13669
1367
13672
13673
13676
13679
1368
13680
13682
13684
13685
13687
13690
13691
13693
13694
13695
13696
13697
1370
1373
13730
13731
13732
13733
13734
13736
13739
13740
13743
13744
13746
13748
1375
13752
13753
13754
13755
13756
13757
1376
13760
13775
13777
13778
1378
13780
13782
13783
13784
13786
13787
13788
1379
13790
13795
13796
13797
1380
13801
13802
13803
13806
13807
13808
13809
13810
13811
13812
13813
13815
13820
13825
13827
13830
13832
13833
13835
13838
13839
13841
13842
13843
13844
13846
13848
13849
13850
13856
13861
13862
13864
13865
13901
13903
13904
13905
13968
14001
14004
14005
14006
14008
14009
14010
14011
14012
14013
14016
14020
14024
14025
14026
14027
14028
14029
14030
14031
14032
14033
14034
14036
14037
14040
14041
14042
14043
14047
14048
14049
14051
14052
14054
14055
14056
14057
14058
14059
14060
14062
14063
14065
14066
14067
14068
14069
14070
14072
14075
14080
14081
14082
14085
14086
14091
14092
14094
14098
14101
14102
14103
14105
14108
14111
14112
14113
14120
14125
14126
14127
14128
14129
14130
14131
14132
14136
14138
14139
14140
14141
14143
14145
14150
14166
14167
14169
14170
14171
14172
14174
14178
1420
14201
14202
14203
14204
14206
14207
14208
14209
14210
14211
14212
14213
14214
14215
14216
14217
14218
14219
14220
14221
14222
14223
14224
14225
14226
14227
14228
14233
1430
14301
14304
14305
1431
1432
14330
1434
1436
1438
1440
1441
14410
14411
14414
14416
14418
14420
14422
14423
14424
14425
14427
14428
14432
14433
14435
14437
14445
14450
14451
14453
14454
14456
14462
14464
14466
14467
14468
14469
14470
14471
14472
14475
14476
14477
14478
14481
14482
14485
14486
14487
14489
1450
14502
14505
14506
14507
14508
1451
14510
14511
14512
14513
14514
14516
14517
14519
1452
14521
14522
14525
14526
14527
1453
14530
14532
14533
14534
14536
14539
14541
14543
14544
14545
14546
14548
14550
14551
14555
14559
14560
14561
14564
14568
14569
14571
14572
14580
14585
14586
14588
14589
14590
14591
14592
1460
14602
14605
14606
14607
14608
14609
14610
14611
14612
14613
14614
14615
14616
14617
14618
14619
1462
14620
14621
14622
14623
14624
14625
14626
1463
1464
1467
1468
1469
14701
14705
14706
14707
14709
14710
14711
14712
14715
14716
14717
14718
14719
14722
14723
14724
14726
14727
14728
14729
1473
14731
14732
14733
14735
14736
14737
14738
14739
1474
14740
14741
14743
14744
14747
14748
1475
14750
14753
14754
14755
14756
14757
14760
14767
14769
1477
14770
14772
14775
14777
14779
14781
14782
14783
14784
14786
14787
14801
14802
14803
14804
14805
14806
14807
14809
14810
14812
14813
14814
14815
14817
14818
14820
14821
14822
14823
14824
14825
14826
14830
14831
14836
14837
14838
14840
14841
14842
14843
14845
14846
14847
14850
14851
14853
14858
14859
14860
14861
14863
14864
14865
14867
14869
14870
14871
14872
14873
14874
14877
14878
14879
14880
14881
14882
14883
14884
14886
14889
14891
14892
14893
14894
14895
14896
14898
14901
14903
14904
14905
15001
15003
15005
15009
1501
15010
15014
15015
15017
15019
15021
15024
15025
15026
1503
15031
1504
15042
15043
15044
1505
15050
15052
15057
15059
1506
15061
15062
15063
15065
15066
15068
1507
15071
15073
15074
15076
15078
1508
15086
15090
1510
15101
15102
15106
15108
15112
15116
15120
15126
15129
15136
15137
15139
15143
15147
1515
1516
1518
1519
1520
15202
15203
15205
15206
15208
15209
1521
15211
15212
15213
15214
15215
15216
15217
15218
15219
1522
15220
15221
15224
15227
15228
15229
1523
15235
15236
15237
15238
15239
1524
15241
15243
1525
1526
1527
1529
15301
1531
15311
15314
15317
1532
15320
15323
15329
15330
15332
1534
15340
15341
1535
15357
1536
15360
15367
1537
15370
15376
1538
1540
15401
1541
15411
15417
15419
1542
15425
1543
15431
1545
15458
15473
15478
15480
15486
1550
15522
15531
15535
15537
15541
15552
15559
1560
15601
1561
15610
15613
1562
15626
15628
15632
15636
15639
1564
15642
15644
15650
15656
15658
1566
15666
15668
15670
15671
1568
15681
15683
15688
1569
15697
1570
15701
1571
15710
15714
15717
15722
15748
15765
15767
15801
1581
15823
15824
1583
15834
15840
1585
15851
1588
1590
15902
15904
15905
15906
15923
15926
15931
15935
15938
15940
15942
15955
15957
15963
16001
16002
1602
1603
16033
16037
1604
16041
16046
1605
16051
16052
16053
16055
16056
16059
1606
16066
1607
1608
1609
1610
16105
1611
16112
16117
1612
16120
16123
16125
16127
16131
16142
16145
16151
16214
16226
16229
16233
16242
16249
16262
16314
16316
16323
16335
16373
16407
16410
16412
16415
16417
16421
16424
16426
16428
16441
16442
16484
16505
16506
16508
16509
16510
16511
16601
16602
16611
16631
16635
16637
16639
16640
16648
16650
16652
16662
16664
16666
16668
16671
16673
16679
16686
16693
16801
16803
16822
16823
16826
16827
16828
16841
16844
16851
16854
16865
16866
16868
16870
16875
16877
16901
16914
16915
16926
16929
16932
16933
16935
16942
16947
16948
17002
17003
17004
17006
17007
17009
1701
17010
17011
17013
17015
17016
17017
17018
17019
1702
17020
17021
17022
17023
17024
17025
17026
17028
17030
17032
17033
17036
17038
17040
17041
17042
17043
17044
17045
17046
17047
17048
17049
17050
17051
17053
17055
17057
17058
17059
17061
17062
17063
17064
17065
17066
17067
17068
17069
17070
17073
17074
17076
17078
17081
17082
17084
17086
17087
17090
17093
17094
17098
17099
17101
17102
17103
17104
17109
17110
17111
17112
17113
1718
1719
1720
17201
17202
1721
17211
17212
17213
17215
17219
17220
17222
17224
17225
17233
17236
17238
17240
17241
17243
17252
17257
17265
17267
17268
1730
17301
17302
17304
17306
17307
17309
1731
17313
17314
17315
17316
17319
17320
17321
17322
17324
17325
17327
17329
17331
17339
17340
17342
17343
17345
17347
17349
17350
17352
17353
17356
17360
17361
17362
17363
17364
17365
17366
17368
17370
17372
1740
17402
17403
17404
17406
17407
17408
1741
1742
1745
1746
1747
1748
1749
17501
17502
17505
17506
17508
17509
17512
17516
17517
17518
17519
1752
17520
17522
17527
17529
17532
17534
17535
17536
17538
1754
17540
17543
17545
17547
17550
17551
17552
17554
17555
17557
1756
17560
17562
17563
17565
17566
17569
1757
17570
17572
17576
17578
17579
17581
17582
17584
1760
17601
17602
17603
17604
1770
17701
17702
1772
17721
17724
17728
1773
17737
17740
17744
17745
17747
1775
17751
17754
17756
1776
17762
17764
17771
17772
17774
17777
1778
17801
17810
17812
17814
17815
17820
17821
17822
17823
17824
17827
17829
17830
17831
17833
17834
17837
17841
17842
17844
17846
17847
17851
17853
17855
17856
17857
17859
17860
17864
17866
17868
17870
17872
17878
17886
17887
17889
17901
17921
17922
17923
17929
17938
17941
17948
17954
17960
17961
17963
17964
17967
17968
17972
17976
17978
17983
17985
1801
18011
18013
18014
18015
18017
18018
18020
1803
18031
18032
18034
18035
18036
18037
18038
18040
18041
18042
18045
18046
18049
18051
18052
18053
18054
18055
18056
18058
18060
18062
18064
18066
18067
18069
18070
18071
18072
18073
18074
18077
18078
18080
18081
18088
18091
18092
1810
18101
18102
18103
18104
18106
18109
18201
18202
1821
18210
18211
18214
18222
18229
18232
18235
18237
1824
18240
18249
18250
18252
18255
1826
1827
1830
18301
18302
1831
1832
18322
18324
18326
18328
1833
18330
18331
18334
18336
18337
1834
18343
18344
18346
1835
18350
18353
18354
18360
18372
1840
18403
18405
18407
1841
18411
18414
18415
18417
18419
18421
18424
18426
18427
18428
1843
18431
18433
18434
18435
18436
18437
18438
1844
18443
18444
18445
18446
18447
1845
18457
18458
18461
18462
18464
18465
18466
18469
18470
18471
18472
1850
18503
18504
18505
18507
1851
18510
18512
18517
18518
1852
1853
1854
1860
18603
18610
18612
18615
18616
18618
1862
18621
18623
18624
18626
18627
18628
18629
1863
18634
18635
18636
1864
18640
18641
18643
18644
18651
18655
18656
18657
18660
18661
1867
18702
18703
18704
18705
18706
18707
18708
1876
1879
1880
18801
18810
18818
18821
18822
18824
18828
18831
18833
18834
18840
18842
18844
18846
18847
18848
1885
18850
18853
1886
1887
1890
18901
18902
18913
18914
18915
18917
18918
18920
18925
18929
18930
18932
18933
18934
18938
18940
18942
18944
18946
18947
18949
18950
18951
18953
18954
18955
18958
18960
18962
18963
18964
18966
18969
18970
18972
18974
18976
18977
19001
19002
19003
19004
19006
19007
19008
1901
19010
19012
19013
19014
19015
19016
19018
1902
19020
19022
19023
19025
19026
19027
1903
19030
19031
19033
19034
19035
19036
19038
1904
19040
19041
19044
19046
19047
1905
19050
19053
19054
19055
19056
19057
1906
19060
19061
19063
19064
19066
19067
1907
19070
19072
19073
19074
19075
19078
1908
19081
19082
19083
19085
19086
19087
19090
19095
19096
19101
19102
19103
19104
19106
19107
19111
19113
19114
19115
19116
19118
19119
19120
19121
19122
19123
19124
19125
19126
19127
19128
19129
1913
19130
19132
19134
19136
19137
19138
19139
19140
19141
19143
19144
19145
19146
19147
19148
19149
1915
19151
19152
19153
19154
1921
1922
1923
1929
1930
19301
19310
19311
19312
19317
19319
19320
19330
19333
19335
19341
19342
19343
19344
19347
19348
19350
19351
19352
19355
1936
19362
19363
19365
19369
19372
19373
19375
19376
1938
19380
19382
19390
1940
19401
19402
19403
19405
19406
19407
19409
19421
19422
19423
19424
19425
19426
19428
19436
19438
1944
19440
19442
19444
19446
1945
19450
19453
19454
19460
19462
19464
19465
19468
19473
19474
19475
1949
19490
19492
1950
19501
19504
19505
19506
19507
19508
1951
19510
19512
19518
1952
19520
19522
19523
19525
19526
19529
19530
19533
19534
19539
19540
19541
19543
19544
19547
19551
19555
19560
19565
19567
1960
19601
19602
19604
19605
19606
19607
19608
19609
19610
19612
1965
1966
1969
1970
19701
19702
19703
19706
19707
19708
19709
19710
19711
19713
19716
19720
19730
19731
19734
19736
19801
19802
19803
19804
19805
19806
19807
19808
19809
19810
1982
1983
1984
1985
19850
19880
19901
19903
19904
19906
19908
19930
19931
19933
19934
19936
19937
19938
19939
19940
19941
19943
19944
19945
19946
19947
19950
19951
19952
19953
19954
19955
19956
19958
19960
19962
19963
19964
19966
19968
19970
19971
19973
19975
19977
19979
19980
20001
20002
20003
20004
20005
20006
20007
20008
20009
20010
20011
20012
20013
20015
20016
20017
20018
20019
20020
20023
20024
20032
20036
20037
20059
20064
20105
20106
20109
20110
20111
20112
20115
20117
20118
20119
20120
20121
20122
20124
20129
20130
20132
20135
20136
20137
20139
20141
20143
20144
20146
20147
20148
20151
20152
20155
20158
20164
20165
20166
20169
20170
20171
20175
20176
20180
20181
20182
20184
20186
20187
20188
2019
20190
20191
20192
20194
20197
20198
2020
20201
2021
20237
2025
2026
2030
20319
2032
20335
20340
2035
20373
20374
2038
2040
20405
20408
2041
2043
2045
2047
2048
2050
2052
20520
2053
20530
20534
2054
2056
2059
2061
2062
2065
2066
2067
20705
2071
2072
20774
2081
2090
20912
2093
21026
2108
21086
2109
2110
2115
2116
2118
2119
2120
2121
2122
2123
2124
2125
2126
2127
2128
2129
2130
2131
2132
2133
2134
2135
2136
2138
2139
2140
2141
2143
2144
2145
2148
2149
2150
2151
2152
2155
2163
2169
2170
2171
2176
2180
2184
2186
2187
2188
2189
2190
2191
22003
2201
22012
22015
22025
22026
22027
22030
22031
22032
22033
22035
22039
22041
22042
22043
22044
22046
22066
22079
22081
2210
22101
22102
22124
22131
22134
22139
2215
22150
22151
22152
22153
22172
22180
22181
22182
22186
22190
22191
22192
22193
22201
22202
22203
22204
22205
22206
22207
22209
22213
22217
22230
22301
22302
22303
22304
22305
22306
22307
22308
22309
22310
22311
22312
22314
22315
22401
22405
22406
22407
22408
22432
22435
22436
22437
22443
22454
22460
22467
22469
22472
22473
22480
22482
22485
22488
22503
22504
22507
22508
22514
22520
22524
22530
22534
22538
22539
22541
22542
22546
22551
22553
22554
22556
22560
22567
22570
22572
22576
22578
22579
22580
22601
22602
22603
22610
22611
22620
22623
22624
22625
22627
22630
22637
22639
22640
22642
22643
22644
22645
22650
22652
22654
22655
22656
22657
22660
22663
22664
22701
22709
22711
22712
22713
22714
22715
22716
22718
22719
22720
22726
22727
22728
22732
22733
22734
22735
22736
22737
22738
22740
22741
22742
22743
22746
22747
22749
22801
22802
22810
22812
22815
22820
22821
22824
22827
22830
22831
22832
22834
22835
22840
22841
22842
22843
22844
22846
22847
22849
22850
22851
22853
22854
22901
22902
22903
22911
22920
22922
22923
22924
22931
22932
22935
22936
22937
22938
22939
22940
22942
22943
22945
22947
22949
22952
22958
22959
22960
22963
22964
22967
22968
22969
22971
22972
22973
22974
2298
22980
23002
23004
23005
23009
2301
23011
23015
23019
2302
23021
23022
23023
23024
23025
23027
2303
23030
23035
23038
23039
23040
23043
23047
23050
23055
23059
23060
23061
23062
23063
23065
23066
23068
23069
23070
23071
23072
23075
23076
23083
23084
23085
23086
23089
23091
23092
23093
23102
23103
23109
23111
23112
23113
23114
23115
23116
23117
23119
23120
23123
23124
23125
23126
23127
23128
23129
23138
23139
23140
23141
23146
23149
23150
23153
23156
23161
23163
23168
23169
23173
23175
23176
23180
23181
23185
23188
23189
23192
23209
23218
23219
2322
23220
23221
23222
23223
23224
23225
23226
23227
23228
23229
23230
23231
23233
23234
23235
23236
23237
23238
2324
23250
23284
23294
23298
2330
2331
23314
23315
2332
23320
23321
23322
23323
23324
23325
2333
2334
2338
2339
2341
2343
23430
23432
23433
23434
23435
23445
2345
23451
23452
23453
23454
23455
23456
23457
2346
23462
23464
2347
23487
2350
23502
23503
23504
23505
23507
23508
23509
2351
23513
23517
23518
23523
2355
2356
2357
2359
2360
23601
23602
23603
23605
23606
23607
23608
2364
2366
23661
23662
23663
23664
23666
23669
2367
2368
23690
23692
23693
23696
2370
23701
23702
23703
23704
23707
2375
2379
23803
23805
2381
2382
23823
23824
23825
23827
23829
23830
23831
23832
23833
23834
23836
23837
23838
23840
23841
23842
23843
23847
23850
23856
23860
23866
23867
23868
23872
23875
23879
23882
23883
23885
23890
23898
23901
23903
23904
23909
23919
23920
23921
23922
23923
23924
23927
23930
23934
23936
23937
23944
23947
23950
23952
23954
23959
23960
23963
23966
23970
23974
2399
24011
24012
24014
24015
24016
24017
24018
24019
24029
24053
24054
24055
24059
24060
24064
24065
24066
24067
24069
24072
24073
24076
24077
24079
24083
24084
24085
24086
24087
24088
24089
24090
24091
24092
24095
24101
24102
24104
24105
24112
24120
24121
24122
24124
24128
24134
24136
24137
24138
24141
24148
24149
24150
24151
24153
24161
24162
24164
24165
24171
24174
24175
24176
24179
24184
24185
2420
24202
2421
24210
24211
24218
24220
24225
24236
24237
24251
24260
24270
24271
24290
24292
24301
24311
24313
24315
24317
24318
24319
24323
24324
24326
24327
24328
24330
24333
24343
24345
24347
24348
24350
24352
24354
24360
24361
24363
24368
24370
24375
24376
24378
24380
24381
24382
24401
24416
24421
24422
24426
24431
24432
24435
24437
24438
24439
24440
24441
2445
24450
24457
24458
24459
2446
24464
24465
24467
24469
24471
24472
24474
24477
24479
24482
24486
24500
24501
24502
24503
24504
24507
2451
24517
2452
24520
24521
24522
24523
24526
24527
24528
24529
2453
24530
24531
24535
24536
24538
24550
24551
24556
24557
24558
24563
24571
24572
24574
24577
24578
24579
2458
24580
24588
24589
2459
24590
24592
24593
24599
2460
2461
2462
24637
2464
2465
24651
2466
2467
2468
2472
2474
2476
2478
2481
2482
24837
24840
2492
2493
2494
25123
2532
2534
2535
2536
2537
2538
2539
2540
25421
2543
2553
2554
2556
2557
2558
2559
2561
2562
2563
2564
2568
2571
2574
2575
2576
2601
2630
2631
2632
2633
2634
2635
2637
2638
2639
2641
26416
2642
2643
2644
2645
2646
2647
2648
2649
2650
2651
2652
2653
2655
2657
2659
2660
2661
2662
2663
2664
2666
26663
2667
2668
2669
2670
2671
2672
2673
2675
2702
2703
2713
2714
2715
2717
2718
2719
2720
27205
2721
2722
2723
2724
2725
2726
2738
2739
2740
2743
2744
2745
2746
2747
2748
2760
2762
2763
2764
2766
2767
2769
2770
2771
2777
2779
2780
2783
2790
2791
28115
28511
28562
28669
28802
2902
29112
29366
30131
3031
3032
3033
3034
3036
3037
3038
3042
3044
3045
3046
3047
3049
3051
3052
3053
3054
3055
3057
3060
3062
3070
3071
3076
3077
3079
3082
3084
3086
3087
3102
3104
3106
3110
31799
32003
32024
32033
32034
32038
32040
32043
32046
32052
32054
32055
32060
32062
32063
32065
32068
32073
32080
32082
32083
32084
32086
32091
32092
32097
32102
32110
32113
32114
32117
32118
32119
32127
32128
32129
32132
32136
32137
32141
32159
3216
32162
32164
32168
32169
32174
32176
3218
32181
32183
32189
32195
3220
32207
32209
3221
32211
32216
32217
32218
3222
32220
32222
32223
32224
32225
32226
3223
32233
3224
32244
32246
3225
32250
32254
32256
32258
32259
3226
32266
3227
32277
3229
3230
32301
32303
32304
32308
32309
32310
32311
32312
32314
32315
32316
32317
32320
32321
32322
32327
32333
32334
32336
32344
32348
3235
32351
3237
3240
32405
32408
32409
3241
3242
32420
32424
32435
3244
32442
32446
3245
32456
32459
3246
32461
3249
32503
32504
32505
32507
32514
32526
3253
32533
32534
32536
3254
32541
32547
32548
3255
32550
32563
32564
32566
32568
32569
3257
32570
32571
32578
3258
32583
3259
3260
32601
32603
32605
32606
32607
32608
32609
3261
32615
32616
32618
32619
32625
32626
3264
32640
32641
32643
32653
32656
3266
32667
32669
32686
3269
32696
32701
32702
32703
32707
32708
32712
32713
32714
32720
32723
32724
32725
32726
32732
32735
32736
32738
32744
32746
32747
3275
32750
32751
32754
32757
32759
3276
32763
32764
32765
32766
32768
32771
32773
32775
32778
32779
3278
32780
32784
32789
32792
32796
3280
32801
32803
32804
32805
32806
32807
32808
32809
3281
32810
32811
32812
32813
32814
32817
32818
32819
3282
32821
32822
32824
32825
32826
32827
32828
32829
32830
32831
32832
32833
32835
32836
32837
32839
3284
3285
3287
3290
32901
32903
32904
32907
32909
32920
32922
32926
32927
32931
32933
32934
32935
32937
32940
32950
32952
32953
32955
32958
32960
32962
32963
32966
32967
3301
33018
33019
33020
3303
33030
33036
33037
3304
33040
33041
33042
33043
33060
33062
33064
33066
3307
33070
33071
33076
33110
33138
33139
33140
33141
33143
33146
33156
33157
33160
33166
33173
33176
33179
33184
33186
33193
33202
33305
33306
33309
33311
33312
33316
33317
33319
33321
33322
33323
33324
33326
33327
33328
33330
33331
33332
33334
33401
33403
33404
33405
33407
33408
33410
33411
33412
33413
33414
33415
33418
33426
33428
33431
33432
33433
33434
33435
33437
33440
33441
33446
33449
33455
33458
33460
33462
33463
33467
33469
33470
33471
33476
33477
33478
33480
33486
33487
33498
33511
33513
33523
33525
33544
33549
33556
33558
33563
33565
33569
33572
33573
33578
33582
33589
33594
33596
33597
33603
33604
33606
33611
33617
33618
33624
33625
33626
33634
33637
33647
33655
33701
33703
33704
33706
33707
33708
33709
33710
33713
33756
33759
33764
33765
33767
33772
33774
33776
33777
33778
33782
33785
33801
33803
33809
33811
33812
33813
33823
33825
33827
33830
33837
33840
33843
33844
33850
33852
33853
33859
33860
33870
33872
33875
33880
33881
33884
33896
33897
33898
33901
33903
33904
33905
33908
33909
33912
33914
33917
33919
33920
33921
33922
33928
33930
33936
33946
33948
33950
33954
33955
33956
33957
33967
33972
33976
33980
33981
33982
33983
33990
33991
33993
34073
34102
34103
34104
34105
34109
34110
34112
34114
34116
34117
34119
34120
34134
34135
34145
34202
34203
34205
34207
34208
34209
34211
34212
34216
34217
34219
34221
34222
34223
34224
34228
34231
34232
34233
34234
34236
34237
34238
34239
34240
34241
34242
34243
34251
34266
34275
34285
34286
34292
34293
3431
3440
3442
34420
34428
34429
34431
34432
34433
34434
34436
3444
34442
34446
34448
34449
3445
34453
3446
34461
34465
3447
34470
34472
34474
34475
34476
3448
34480
34481
34482
34484
34486
3449
34491
34498
3450
3452
3455
3457
3458
34601
34604
34606
34607
34608
34609
3461
34610
34613
34614
3462
34638
34639
3465
34652
34654
34655
34661
34667
3467
34677
34683
34684
34685
34686
34688
34689
34690
34695
34698
3470
34711
34714
34715
34731
34739
34741
34744
34746
34747
34748
34758
34761
34769
34771
34772
34773
34785
34786
34787
34945
34946
34947
34949
34951
34952
34953
34957
34972
34974
34982
34983
34984
34986
34987
34990
34994
34997
35223
35338
3570
3574
3576
3580
3582
3583
3584
3585
3586
3588
3590
3592
3593
3595
3602
3603
3604
3607
3608
36609
3741
3743
3748
3750
3753
3755
3766
3768
3771
3773
3774
3777
3781
3782
3784
3801
3809
3810
3811
3813
3817
3818
3820
3823
3824
3825
3830
3832
3833
3835
3836
3837
3839
3840
3842
3845
3846
3849
3851
3853
3854
3855
3857
3858
3860
3861
3862
3864
3865
3867
3868
3869
3870
3872
3875
3878
3883
3884
3885
3886
3890
3894
3896
41340
42309
43001
43003
43004
43011
43015
43016
43017
43018
43019
43021
43022
43023
43025
43026
43028
43031
43035
43040
43044
43045
43046
43050
43054
43055
43056
43061
43062
43064
43065
43066
43067
43068
43072
43074
43076
43078
43080
43081
43082
43085
43103
43105
43110
43112
43113
43119
43123
43125
43130
43138
43140
43143
43145
43146
43147
43150
43153
43154
43160
43162
43164
43201
43202
43204
43205
43206
43209
43210
43212
43213
43214
43215
43219
43220
43221
43222
43224
43228
43229
43230
43231
43232
43235
43240
43302
43311
43315
43316
43319
43324
43326
43331
43332
43334
43338
43340
43342
43344
43345
43351
43356
43357
43358
43359
43360
43402
43410
43412
43416
43430
43440
43447
43449
43465
43469
43502
43506
43512
43515
43522
43527
43528
43532
43535
43537
43542
43543
43545
43551
43553
43556
43560
43566
43567
43569
43604
43605
43606
43607
43608
43609
43612
43614
43615
43616
43619
43620
43623
43659
43701
43713
43716
43718
43724
43725
43728
43731
43732
43733
43746
43747
43749
43760
43762
43764
43767
43777
43778
43780
43783
43787
43793
43802
43804
43811
43812
43821
43822
43824
43832
43837
43840
43844
43845
43906
43907
43910
43917
43920
43933
43935
43939
43944
43945
43947
43950
43988
44001
44004
44010
44011
44012
44017
44021
44022
44023
44024
44026
44028
44033
44035
44039
44040
44041
44044
44046
44047
44048
44060
44062
44064
44065
44067
44070
44072
44074
44076
44077
44080
44081
44084
44085
44087
44089
44090
44094
44095
44102
44103
44104
44105
44106
44107
44109
44111
44112
44113
44114
44115
44116
44118
44119
44120
44121
44122
44123
44124
44125
44126
44129
44130
44131
44133
44134
44135
44136
44138
44139
44140
44141
44143
44144
44145
44146
44147
44149
44202
44203
44210
44212
44214
44216
44217
44224
44230
44231
44233
44234
44236
44240
44241
44242
44245
44255
44256
44260
44266
44270
44273
44275
44278
44280
44281
44286
44287
44301
44305
44307
44312
44313
44319
44320
44321
44325
44333
44401
44406
44408
44413
44417
44423
44428
44429
44432
44436
44441
44442
44443
44446
44455
44460
44481
44483
44491
44503
44505
44511
44512
44514
44515
44601
44606
44608
44609
44610
44611
44613
44614
44615
44618
44620
44621
44622
44624
44626
44627
44628
44629
44633
44638
44641
44644
44645
44646
44647
44654
44657
44662
44663
44666
44667
44669
44675
44676
44677
44681
44683
44685
44688
44689
44691
44695
44702
44706
44707
44708
44718
44720
44730
44805
44807
44811
44813
44814
44818
44820
44824
44826
44827
44833
44836
44839
44840
44842
44846
44847
44851
44853
44854
44855
44857
44866
44870
44875
44878
44882
44883
44887
44889
44890
44902
44903
44904
44905
44907
45002
45005
45011
45013
45014
45030
45036
45039
45040
45042
45044
45050
45053
45054
45056
45064
45066
45067
45068
45069
45103
45106
45107
45113
45118
45120
45121
45122
45123
45129
45133
45135
45140
45142
45150
45152
45153
45154
45157
45159
45162
45167
45168
45171
45174
45176
45177
45202
45203
45204
45205
45208
45209
45211
45212
45213
45215
45217
45218
45219
45220
45223
45224
45225
45226
45227
45229
45230
45231
45232
45233
45234
45236
45237
45238
45239
45240
45241
45242
45243
45244
45245
45246
45247
45248
45249
45251
45252
45255
45277
45303
45304
45305
45307
45308
45309
45311
45314
45315
45318
45320
45322
45323
45324
45327
45331
45335
45342
45344
45356
45363
45365
45368
45369
45370
45371
45373
45377
45380
45383
45385
45387
45390
45404
45405
45406
45409
45410
45414
45415
45417
45419
45420
45424
45426
45429
45430
45431
45432
45433
45434
45439
45440
45458
45459
45501
45502
45504
45505
45601
45612
45613
45614
45622
45628
45631
45638
45640
45644
45648
45651
45654
45658
45660
45662
45663
45674
45679
45680
45684
45685
45690
45693
45694
45695
45696
45697
45701
45710
45711
45714
45716
45724
45732
45735
45742
45744
45750
45761
45764
45766
45769
45771
45776
45778
45780
45784
45786
45801
45804
45805
45806
45807
45810
45813
45817
45822
45827
45828
45830
45832
45833
45840
45843
45845
45849
45850
45851
45853
45859
45862
45865
45875
45877
45879
45880
45881
45882
45885
45891
45895
45899
45924
46106
49252
5001
5002
5004
501
5026
5030
5031
5032
5033
5034
5035
5036
5037
5038
5039
5040
5041
5042
5043
5045
5046
5047
5048
5049
5050
5051
5052
5053
5054
5055
5056
5057
5058
5059
5060
5061
5062
5065
5067
5068
5069
5070
5071
5072
5073
5074
5075
5076
5077
5079
5081
5083
5084
5085
5086
5088
5089
5091
5094
5101
5141
5142
5143
5146
5148
5149
5150
5151
5152
5153
5154
5155
5156
5158
5159
5161
5201
5225
5235
5250
5251
5252
5253
5254
5255
5257
5260
5261
5262
5291
53001
53002
53004
53005
5301
53010
53011
53012
53013
53014
53015
53017
53018
53019
5302
53020
53021
53022
53023
53024
53027
53029
5303
53032
53033
53035
53036
53037
53038
53039
53040
53042
53044
53045
53046
53049
53050
53051
53056
53057
53058
53059
53061
53063
53065
53066
53070
53072
53073
53074
53075
53076
53078
53079
53080
53081
53083
53085
53086
53089
53090
53092
53093
53094
53095
53097
53098
53103
53104
53105
53108
53110
53114
53115
53118
53119
53120
53121
53122
53125
53126
53128
53129
53130
53132
53137
53139
53140
53142
53143
53144
53146
53147
53149
53150
53151
53153
53154
53156
53158
53167
53168
53170
53171
53172
53177
53178
53179
53181
53182
53183
53184
53185
53186
53188
53189
53190
53191
53202
53204
53205
53206
53207
53208
53209
53210
53211
53212
53213
53214
53215
53216
53217
53218
53219
53220
53221
53222
53223
53224
53225
53226
53227
53228
53233
53235
5340
53402
53403
53404
53405
53406
5341
5342
5343
5344
53443
5345
5346
5350
53502
53503
53504
53506
53507
53508
5351
53510
53511
53515
53516
53517
53518
5352
53520
53521
53522
53523
53525
53526
53527
53528
53529
5353
53530
53531
53532
53533
53534
53536
53538
5354
53543
53544
53545
53546
53547
53548
53549
5355
53550
53551
53554
53555
53556
53557
53558
53559
5356
53560
53561
53562
53563
53565
53566
53569
5357
53570
53572
53573
53574
53575
53577
53578
5358
53580
53581
53582
53583
53585
53586
53588
53589
5359
53590
53593
53594
53596
53597
53598
5360
5361
5362
5363
53703
53704
53705
53711
53713
53714
53715
53716
53717
53718
53719
53726
53801
53803
53804
53805
53806
53807
53808
53809
53811
53812
53813
53816
53818
53820
53821
53824
53825
53826
53827
53901
53910
53911
53913
53916
53920
53922
53923
53924
53925
53926
53929
53930
53932
53933
53934
53936
53937
53941
53943
53944
53946
53948
53949
53950
53951
53954
53955
53956
53959
53960
53961
53963
53964
53965
54001
54002
54003
54004
54005
54006
54009
5401
54011
54013
54014
54015
54016
54017
5402
54020
54021
54022
54023
54024
54025
54027
5403
5404
5405
5406
5408
54101
54103
54104
54106
54107
54110
54111
54112
54113
54114
54115
54119
54120
54121
54124
54125
54126
54128
54130
54135
54136
54137
54138
54139
54140
54141
54143
54149
54151
54152
54153
54154
54155
54156
54157
54161
54162
54165
54166
54169
54170
54171
54173
54174
54175
54177
54201
54202
54204
54205
54208
54209
54210
54212
54213
54216
54217
54220
54227
54228
54229
54230
54234
54235
54241
54245
54247
54301
54302
54303
54304
54307
54311
54313
54315
5435
54351
5436
5439
5440
54401
54403
54405
54406
54407
54409
5441
54410
54411
54412
54413
54414
5442
54420
54421
54423
54424
54425
54426
54427
54428
5443
54433
54435
54437
5444
54440
54441
54443
54446
54447
54448
54449
5445
54451
54452
54454
54455
54456
54457
54459
5446
54460
54465
54466
54467
5447
54471
54473
54475
54476
54479
5448
54480
54481
54482
54484
54485
54487
54488
54489
54491
54493
54494
54495
54498
54499
5450
54501
5451
54511
54513
54515
5452
54520
54521
54524
54527
54529
5453
54531
54534
54537
54538
54539
5454
54540
54542
54546
54548
5455
54552
54554
54555
54556
54557
54558
54559
5456
54562
54563
54566
54568
5457
5458
5459
54601
54603
5461
54613
54614
54615
54618
54619
5462
54621
54622
54623
54624
54626
54628
5463
54631
54634
54636
54637
54638
54639
5464
54644
54646
54648
5465
54650
54652
54653
54655
54656
54658
54659
5466
54660
54661
54664
54665
54666
54667
54669
5467
5468
5469
5470
54701
54703
5471
5472
54720
54721
54722
54723
54724
54726
54727
54728
54729
5473
54731
54736
54738
54739
5474
54740
54742
54748
54750
54751
54755
54757
54759
5476
54761
54762
54763
54767
54768
54769
5477
54770
54771
54773
5478
54801
54805
54806
5481
54810
54812
54814
54817
54819
5482
54820
54821
54822
54824
54826
54827
54829
5483
54830
54835
54837
54840
54843
54847
54848
54849
5485
54850
54853
54854
54856
54858
54859
5486
54862
54864
54865
54867
54868
5487
54871
54872
54873
54874
54875
54876
5488
54880
54888
54889
5489
54891
54893
54896
5490
54901
54902
54904
54909
5491
54911
54913
54914
54915
5492
54921
54923
54926
54927
54929
54930
54932
54935
54937
5494
54940
54941
54942
54944
54945
54947
54949
5495
54950
54952
54956
54960
54961
54962
54963
54965
54966
54968
54970
54971
54977
54979
54981
54982
54983
54984
54986
55001
55009
55012
55013
55014
55016
55018
55019
55021
55024
55025
55031
55033
55038
55041
55042
55043
55044
55045
55047
55051
55052
55054
55056
55057
55060
55066
55068
55069
55071
55072
55073
55074
55075
55076
55077
55079
55082
55084
55089
55092
55102
55103
55104
55105
55106
55107
55108
55109
55110
55112
55113
55114
55115
55116
55117
55118
55119
55120
55121
55122
55123
55124
55125
55126
55127
55128
55129
55301
55302
55304
55305
55308
55311
55313
55316
55317
55318
55320
55323
55325
55327
55328
55330
55331
55334
55335
55336
55337
55338
55339
55343
55344
55345
55346
55347
55349
55350
55352
55354
55356
55357
55358
55359
55362
55363
55364
55369
55371
55372
55373
55374
55376
55378
55379
55387
55388
55389
55391
55395
55396
55397
55401
55403
55404
55405
55406
55407
55408
55409
55410
55411
55412
55413
55414
55415
55416
55417
55418
55419
55420
55421
55422
55423
55424
55426
55427
55428
55429
55430
55431
55432
55433
55434
55435
55436
55437
55438
55439
55441
55442
55443
55444
55445
55446
55447
55449
55493
55587
55602
55603
55604
55606
55612
55614
55616
55707
55708
55709
55718
55719
55720
55726
55731
55733
55736
55744
55746
55749
55756
55757
55771
55775
55787
55802
55803
55804
55805
55806
55807
55810
55811
55812
55901
55902
55904
55906
55910
55912
55920
55925
55927
55940
55941
55944
55945
55946
55947
55955
55956
55959
55960
55963
55968
55969
55971
55979
55981
55982
55985
55987
55991
55992
56001
56003
5601
5602
56021
56028
5604
56041
56048
56050
56063
56071
56073
56081
56082
56085
56087
56093
56118
56136
56139
56140
56149
56152
56156
56159
56164
56170
56172
56175
56178
56186
56209
56214
56220
56228
56229
56237
56241
56252
56253
56255
56264
56265
56267
56273
5628
56282
56283
56284
56288
56301
56303
56304
56307
56310
56316
56320
56327
56334
56336
56340
56347
56353
56358
56362
56364
56367
56373
56374
56377
56379
56385
56387
5640
56401
5641
5642
56425
5643
56431
56437
56438
56441
56442
56455
56464
56468
5647
56470
56473
56474
56477
5648
56481
56482
56484
5649
5650
56501
5651
56514
56515
5652
5653
56537
5654
56542
5655
56551
5656
56567
5657
56571
56573
5658
5660
56601
5661
56619
5662
5663
5664
5665
56651
56655
5666
5667
5668
5669
5670
5671
56716
5672
5673
5674
5675
5676
5677
5678
5679
5680
5681
5682
5691
5701
5702
5706
5722
5730
5731
5732
5733
5734
5735
5736
5737
5738
5739
5740
5742
5743
5744
5745
5746
5747
5748
5750
5751
5752
5753
5755
5757
5758
5759
5760
5761
5762
5763
5764
5765
5766
5767
5768
5769
5770
5772
5773
5774
5775
5776
5777
5778
5785
5789
58086
5819
5820
5821
5822
5824
5825
5826
5827
5828
5829
5830
58308
5832
5833
5836
5839
5840
5841
5842
5843
5845
5846
5847
5848
5849
5851
5852
5853
5855
5857
5858
5859
5860
5861
5862
5866
5867
5868
5871
5872
5873
5874
5875
5891
5903
5904
5905
5906
5907
5953
5982
5991
60002
60004
60005
60007
60008
6001
60010
60012
60013
60014
60015
60016
60018
6002
60020
60021
60022
60025
60026
60030
60031
60033
60034
60035
60037
60040
60041
60042
60044
60045
60046
60047
60048
60050
60051
60053
60056
6006
60060
60061
60062
60064
60067
60068
60069
60070
60071
60073
60074
60076
60077
60081
60083
60084
60085
60087
60089
60090
60091
60093
60096
60097
60098
60099
6010
60101
60102
60103
60104
60106
60107
60108
6011
60110
60111
60112
60115
60118
60119
60120
60123
60124
60126
60128
6013
60130
60131
60133
60134
60135
60136
60137
60139
60140
60142
60143
60145
60146
60148
60150
60151
60152
60153
60154
60156
60157
6016
60160
60162
60163
60164
60165
60169
60171
60172
60173
60174
60175
60176
60177
60178
6018
60180
60181
60184
60185
60187
60188
60189
6019
60190
60191
60192
60193
60194
60195
60201
60202
60203
6021
6022
6023
6024
6026
6027
6028
6029
6030
60302
60304
60305
6031
6032
6033
6035
6037
6039
6040
60401
60402
60403
60404
60406
60408
60409
60410
60411
60415
60417
60419
6042
60420
60421
60422
60423
60424
60425
60426
60429
6043
60430
60431
60432
60433
60435
60436
60438
60439
60440
60441
60442
60443
60444
60445
60446
60447
60448
60449
60450
60451
60452
60453
60455
60456
60457
60459
60461
60462
60463
60464
60465
60466
60467
60468
60469
60471
60473
60474
60477
60478
60481
60484
60487
60490
60491
6050
60501
60502
60503
60504
60505
60506
6051
60510
60512
60513
60514
60515
60516
60517
60518
6052
60520
60521
60523
60525
60526
60527
6053
60530
60531
60532
60534
60538
60540
60541
60542
60543
60544
60545
60546
60548
60550
60553
60554
60555
60556
60558
60559
60560
60561
60563
60564
60565
6057
6058
60585
60586
60593
60595
6060
60602
60605
60606
60607
60608
60609
6061
60612
60613
60614
60615
60616
60617
60618
60619
6062
60620
60621
60622
60623
60624
60625
60626
60628
60629
6063
60630
60631
60632
60633
60634
60637
60638
60639
60640
60641
60642
60643
60644
60645
60646
60647
6065
60651
60652
60653
60655
60656
60657
60659
6066
60660
6067
6068
6069
60691
6070
60706
60707
6071
60712
60714
6072
6073
6074
6075
6076
6077
6078
6079
60803
60804
60805
6081
6082
60827
6083
6084
6085
6088
6089
6090
60901
6091
60914
60915
60917
60918
60919
6092
60921
60922
6093
60936
6094
60940
60946
60948
6095
60950
60954
60957
60958
60959
6096
60964
60966
60968
60970
6098
61001
61006
61007
61008
6101
61010
61011
61012
61013
61015
61016
61018
61019
61020
61021
61024
61025
61028
6103
61030
61031
61032
61036
61038
61039
61041
61044
61046
61047
61048
61049
6105
61052
61053
61054
61059
6106
61060
61061
61062
61063
61064
61065
61067
61068
6107
61070
61071
61072
61073
61074
61075
61078
6108
61080
61081
61084
61085
61087
61088
61089
6109
6110
61101
61102
61103
61104
61107
61108
61109
6111
61111
61114
61115
6112
6114
6117
6118
6119
6120
61201
61230
61231
61234
61235
61237
61238
61240
61241
61243
61244
61250
61251
61252
61254
61257
61259
61260
61262
61264
61265
61270
61273
61274
61275
61276
61277
61281
61282
61283
61284
61310
61314
61318
61330
61334
61338
61341
61345
61349
61350
61353
61354
61356
61360
61361
61362
61364
61367
61368
61369
61373
61374
61376
61378
61401
61410
61411
61412
61413
61414
61417
61418
61421
61423
61425
61428
61430
61432
61434
61436
61437
61438
61441
61443
61447
61448
61449
61450
61451
61452
61453
61455
61458
61459
61460
61462
61465
61466
61467
61469
61470
61471
61473
61475
61476
61477
61478
61480
61483
61485
61486
61488
61489
61490
61491
61501
61516
61517
61520
61523
61524
61525
61526
61528
61529
61530
61531
61533
61534
61536
61537
61540
61542
61544
61546
61548
61550
61554
61559
6156
61561
61568
61571
61603
61604
61605
61606
61607
61610
61611
61614
61615
61616
61701
61704
61705
61723
61725
61726
61727
61728
61729
61731
61732
61733
61734
61736
61737
61738
61739
61740
61741
61742
61744
61745
61748
61749
61752
61753
61754
61755
61759
61761
61764
61771
61774
6179
61801
61802
61810
61816
61817
61820
61821
61822
61830
61832
61834
61839
61840
61841
61842
61843
61844
61845
61846
61849
61850
61851
61852
61853
61854
61856
61858
61863
61864
61866
61872
61873
61874
61875
61876
61877
61878
61880
61882
61884
61895
61910
61911
61912
61914
61919
61920
61924
61930
61933
61938
61944
61951
61953
61956
61957
62001
62002
62006
62009
62010
62011
62012
62014
62015
62016
62017
62019
62021
62022
62024
62025
62033
62034
62035
62040
62044
62046
62049
62051
62052
62056
62058
62062
62063
62067
62069
62074
62075
62080
62082
62086
62087
62088
62089
62091
62092
62094
62095
62097
62208
62214
62215
62216
62217
62218
62219
62220
62221
62222
62223
62224
62226
62230
62231
62232
62233
62234
62236
62237
62239
62240
62241
62242
62243
62244
62246
62249
62254
62255
62257
62258
6226
62260
62262
62263
62264
62265
62268
62269
62271
62274
62275
62277
62278
62281
62284
62285
62286
62288
62293
62294
62295
62297
62298
6230
62301
62305
6231
62313
6232
62321
62326
6233
62330
62339
6234
62340
62341
62348
62349
6235
62353
62354
62355
62358
62360
62363
62365
62367
6237
62373
62374
62376
62379
6238
62380
6239
6240
62401
6241
62410
62411
62414
62417
62419
6242
62420
62421
62424
62427
62428
6243
62434
62436
62439
6244
62440
62441
62442
62443
62445
62446
62447
62448
62449
62450
62451
62452
62454
62458
62460
62463
62465
62466
62467
62468
62469
6247
62471
62473
62476
62479
6248
6249
6250
6251
62510
62512
62513
62515
62518
62520
62521
62522
62526
62531
62533
62535
62537
62538
62539
6254
62545
62546
62547
62548
62549
6255
62550
62554
62555
62556
62557
62558
6256
62560
62561
62563
62565
62568
62570
62572
6258
6259
6260
62611
62612
62613
62615
62618
6262
62621
62625
62626
62627
62628
62629
6263
62630
62631
62633
62635
62638
6264
62640
62642
62648
62649
62650
62656
6266
62661
62664
62665
62667
62668
6267
62670
62674
62675
62677
6268
62681
62684
62685
62688
62690
62691
62692
62693
62694
62701
62702
62703
62704
62707
62711
62712
62753
6277
6278
6279
6280
62801
62807
62808
6281
62810
62811
62812
62819
6282
62823
62824
62827
62830
62831
62832
62835
62837
62838
62839
62844
62846
62854
62858
62863
62864
62868
62869
62872
62875
62880
62881
62883
62884
62886
62888
62893
62894
62896
62898
62899
62901
62902
62903
62904
62905
62906
62907
62908
62910
62914
62916
62917
62918
62920
62922
62923
62924
62930
62932
62933
62935
62938
62943
62946
62948
62951
62952
62954
62958
62959
62960
62966
62967
62974
62979
62983
62985
62994
62995
62996
63005
63010
63011
63012
63013
63014
63015
63016
63017
63019
63020
63021
63023
63025
63026
63027
63028
63030
63031
63033
63034
63035
63036
63037
63038
63039
63040
63041
63042
63043
63044
63045
63048
63049
63050
63051
63052
63055
63056
63060
63066
63068
63069
63070
63072
63073
63074
63077
63083
63084
63088
63089
63090
63101
63102
63103
63104
63105
63106
63107
63108
63109
63110
63111
63112
63113
63114
63115
63116
63117
63118
63119
63120
63121
63122
63123
63124
63125
63126
63127
63128
63129
63130
63131
63132
63133
63134
63135
63136
63137
63138
63139
63140
63141
63143
63144
63146
63147
6318
63188
6320
6330
63301
63303
63304
6331
6332
6333
63332
63333
63334
63335
63336
63338
63339
63341
63343
63348
63349
6335
63350
63351
63353
63357
63361
63362
63363
63365
63366
63368
63369
63373
63376
63377
63379
6338
63381
63383
63384
63385
63386
63389
6339
63390
6340
6350
63501
6351
6353
63537
6354
63546
6355
63559
6357
6359
63601
63621
63622
63624
63626
63628
63630
63640
63644
63645
6365
63650
63660
63664
6370
63701
63703
6371
6373
63730
63736
63739
6374
63740
6375
63755
63758
6377
63771
63776
6378
63780
6379
63801
6382
63822
63824
63826
6383
63830
63834
6384
63841
63845
63846
63848
6385
63851
63852
63862
63867
6387
63873
64001
6401
64011
64012
64014
64015
64016
64017
64018
64019
64020
64021
64022
64024
64028
64029
6403
64030
64034
64035
64037
6404
64040
6405
64050
64053
64054
64056
64057
64058
64060
64061
64062
64063
64064
64066
64067
64068
64069
64070
64071
64072
64074
64075
64076
64077
64078
64079
6408
64080
64081
64082
64083
64085
64086
64088
64089
6409
64090
64092
64093
64096
64098
6410
64101
64102
64105
64106
64108
64109
64110
64111
64112
64113
64114
64115
64116
64117
64118
64119
6412
64120
64123
64124
64125
64126
64127
64128
64129
6413
64130
64131
64132
64133
64134
64136
64137
64138
64139
6414
64145
64146
64147
64149
6415
64150
64151
64152
64153
64154
64155
64156
64157
64158
6416
64161
64163
64164
64167
6417
6418
6419
6420
64201
6422
64220
6423
6424
6426
6430
6437
6438
6439
64401
6441
6442
64421
64422
64423
64427
64428
6443
64430
64431
64432
64433
64434
64436
64439
6444
64440
64443
64444
64445
64446
64448
64451
64454
64456
64459
6446
64461
64463
64465
64466
64468
64469
6447
64470
64471
64473
64474
64475
64477
64479
64480
64482
64483
64484
64485
64487
64490
64491
64492
64494
64497
64499
6450
64501
64503
64504
64505
64506
64507
6451
6455
6456
6457
6460
6461
64622
64623
64628
64633
64638
64639
64644
64649
64660
64668
6467
64671
64673
6468
64681
64682
64683
64689
6469
6470
64701
6471
6472
64720
64723
64724
64725
64726
6473
64734
64735
64739
64742
64745
64746
64747
6475
64750
64752
64756
64759
64761
64763
64765
6477
64770
64771
64772
6478
64780
64783
64784
64787
64788
6479
64790
64791
6480
6481
6482
6483
6484
6488
6489
6497
6498
6501
65010
65013
65014
65023
65024
65026
65032
65035
65039
65041
65043
65047
65049
65051
65052
65053
6506
65062
65065
65066
65068
65072
65079
65084
65085
6510
65101
65102
65109
6511
6512
6513
6514
6515
6516
6517
6518
6519
65205
65206
65230
65231
65233
65236
65237
6524
65240
65246
6525
65250
65254
65258
65259
65261
65262
65263
65265
65270
65274
65276
65279
65281
65285
65286
65301
65321
65322
65325
65327
65330
65332
65336
65337
65338
65339
65340
65341
65349
65351
65355
65360
6539
6555
65582
65720
65894
66002
66004
66006
66007
66008
6601
66010
66012
66013
66014
66017
66018
66020
66021
66023
66025
66026
66028
66029
66030
66031
66032
66035
66036
6604
66040
66041
66042
66043
66044
66045
66046
66047
66048
66049
6605
66050
66052
66053
66054
66056
6606
66061
66062
66064
66066
66067
6607
66070
66071
66072
66073
66075
66076
66079
6608
66080
66083
66085
66086
66088
66092
66095
6610
66109
6611
66111
6612
6614
6615
66202
66203
66204
66205
66206
66207
66208
66209
66210
66211
66212
66213
66214
66215
66216
66217
66218
66219
66220
66221
66223
66224
66226
66227
6626
66401
66409
66414
66423
66424
66429
66434
66440
66441
66451
66502
66503
66507
66509
66512
66523
66524
66528
66533
66535
66536
66539
66542
66543
66546
66602
66604
66605
66606
66607
66608
66609
66610
66611
66612
66614
66615
66617
66618
66619
66675
6670
66701
66726
66734
66741
66753
66755
66760
66762
66767
66769
66771
66781
66801
66834
66846
66850
66854
66856
66868
66869
66871
66872
67002
67005
67008
6701
67010
67016
67017
67019
6702
67020
67026
67037
67039
6704
67041
67042
67047
6705
67050
67052
67056
6706
67060
67062
67067
6708
6710
67101
67107
67110
67111
67114
67117
6712
67127
67133
67135
67137
67147
67151
67154
67156
6716
67202
67203
67204
67205
67206
67207
67208
67209
67211
67212
67213
67214
67215
67216
67217
67218
67219
67220
67226
6723
67230
67235
67301
67327
67342
67349
67356
67357
67401
67410
67416
67456
67464
67484
67487
6749
6750
67501
67502
67505
6751
6752
67522
6753
6754
67543
67546
6755
6756
67566
6757
6758
67585
6759
6762
6763
6770
6776
6777
6778
6779
6781
6782
6783
6784
6785
6786
6787
6790
6791
6793
6794
6795
6796
6798
6801
6803
6804
6807
6810
6811
6812
6820
6824
6825
6828
6830
6831
6838
6840
6850
6851
6853
6854
6855
6870
6877
6878
6880
6883
6890
6896
6897
6901
6902
6903
6905
6906
6907
6910
69265
7001
7002
7003
7004
7005
7006
7007
7008
7009
7010
7011
7012
7013
7014
7015
7016
7017
7018
7019
7020
7021
7022
7023
7024
7026
7027
7028
7029
7030
7031
7032
7033
7034
7035
7036
7039
7040
7041
7042
7043
7044
7045
7046
7047
7050
7051
7052
7054
7055
7057
7058
7059
7060
7061
7062
7063
7064
7065
7066
7067
7068
7069
7070
7071
7072
7073
7074
7075
7076
7077
7078
7079
7080
7081
7082
7083
7086
7087
7088
7090
7091
7092
7093
7094
7095
7096
7097
7099
7101
7102
7103
7104
7105
7106
7107
7108
7109
7110
7111
7112
7114
71640
71667
71730
71801
71852
7189
71901
71909
71913
71953
71958
71964
71973
72002
7201
7202
7203
72031
72032
7204
7205
7206
7207
7208
72101
72116
72117
72150
72202
72205
72207
72209
72210
72211
72223
72227
72335
7242
72550
72583
72601
72616
72631
72632
72636
72641
72650
72653
72701
72703
72704
72712
72714
72721
72730
72735
72752
72753
72756
72761
72763
72774
72802
72821
72834
72855
72908
72936
72946
72956
72959
7302
7303
7304
7305
7306
7307
7310
7331
7401
7403
7405
7407
7410
7416
7417
7418
7419
7420
7421
7422
7423
7424
7428
7430
7432
7435
7436
7438
7439
7440
7442
7444
7446
7450
7451
7452
7456
7457
7458
7460
7461
7462
7463
7465
7470
7479
7480
7481
74810
7495
75002
75006
75007
7501
75010
75013
75019
7502
75020
75022
75023
75024
75025
75028
7503
75032
75034
75035
7504
75041
75043
75048
75050
75051
75052
75056
7506
75060
75061
75062
75063
75065
75068
75069
75070
75071
75074
75075
75076
7508
75080
75081
75082
75087
75088
75089
75092
75093
75094
75098
75101
75103
75104
7511
75114
75115
75116
75119
7512
75126
7513
75137
7514
75142
75146
75148
75149
75150
75152
75154
75155
75156
75163
75165
75172
75173
75180
75182
75205
75206
75208
75209
75211
75212
75214
75217
75218
75219
7522
75220
75223
75224
75225
75227
75228
75229
75230
75233
75234
75235
75236
75238
7524
75240
75243
75244
75247
75248
75252
75253
75254
75275
75287
75401
75407
75422
75423
75428
75452
75460
75473
75480
75482
75491
75495
75501
75503
75554
75563
75567
75570
75571
75601
75602
75603
75604
75605
75633
75638
75652
75654
75662
75672
75684
75701
75703
75704
75706
75707
75709
75755
75758
75763
75766
75771
75773
75778
75785
75789
75790
75791
75801
75846
75862
75901
75903
75904
76001
76002
76008
76009
7601
76010
76011
76012
76013
76015
76016
76017
76018
76021
76022
76028
7603
76031
76033
76034
76035
76036
76039
7604
76040
76049
7605
76051
76052
76053
76054
76055
7606
76060
76063
76065
76067
7607
7608
76087
76088
76092
76102
76103
76107
76108
76109
76110
76112
76114
76116
76118
76119
76120
76123
76126
76131
76132
76133
76134
76135
76137
76140
76148
76164
76179
76180
76182
7620
7621
76210
76226
7624
76240
76244
76247
76248
76249
76252
76255
7626
76262
76264
7627
7628
7630
76302
76305
76308
76309
7631
76310
7632
76340
76351
76357
76365
76366
76367
76371
76384
7640
76401
7641
7642
7643
76430
76436
76437
7644
7645
76450
7646
76464
76469
7647
76471
7648
76487
7649
7650
76501
76502
76504
76513
7652
76522
7653
76530
76531
76538
76542
76543
76548
76549
76559
7656
7657
76570
76571
76574
7660
7661
7662
76629
7663
76634
76641
76642
7666
76665
7667
76689
7670
76701
76705
76707
76708
76710
76712
7675
7676
7677
76801
76802
76821
76849
76878
76890
76901
76902
76903
76904
76905
76934
76935
76936
76939
7701
7702
7704
7710
7711
7712
7713
7715
7716
7717
7718
7719
7720
7721
7722
7723
7724
7726
7727
7728
7730
77301
77302
77304
77306
7731
77318
7732
77320
7733
7734
7735
77357
77365
7737
77378
7738
77380
77381
77382
77384
77385
7739
7740
77422
77434
77437
77445
77457
7746
7747
7748
7750
7751
77515
7752
7753
77539
77546
7755
7756
7757
77573
7758
7760
77611
7762
77625
77627
7763
77632
7764
7765
77657
77659
77662
77664
77705
77706
77868
77871
77901
77957
77963
77993
78002
78006
78009
7801
78015
78016
78017
78018
78019
7802
78023
78026
7803
78039
78040
78041
78043
78045
78046
78051
78052
78054
78056
78059
7806
78064
78066
78069
78073
78100
78101
78102
78105
78107
78108
78109
78110
78111
78112
78114
78121
78124
78132
78148
78152
78153
78154
78163
78164
7820
78201
78202
78203
78204
78205
78206
78207
78208
78209
7821
78210
78211
78212
78213
78214
78215
78216
78217
78218
78219
7822
78220
78221
78222
78223
78224
78225
78226
78227
78228
78229
7823
78230
78231
78232
78233
78234
78235
78236
78237
78238
78239
78240
78241
78242
78244
78245
78246
78247
78248
78249
7825
78250
78251
78252
78253
78254
78255
78256
78257
78258
78259
7826
78260
78261
78263
78264
78265
78266
78268
78269
7827
78275
7828
78289
7829
7830
7831
7832
78332
78336
7834
78341
7836
78361
78363
78373
78374
7838
78380
78382
78383
7839
7840
78408
78410
78411
78412
78413
78414
78415
78418
7842
7843
7844
78442
78449
7845
78455
7846
7847
7848
7849
7850
78501
78503
78504
7851
78516
7852
78521
78523
78524
7853
78537
78538
78539
78541
7855
78550
78552
78556
78559
7856
78566
7857
78570
78572
78573
78574
78575
78577
78578
78582
78586
78596
78597
78599
7860
78613
78617
78626
7863
78634
78648
7865
78652
78653
7866
78660
78664
78665
78674
78681
7869
78701
78702
78703
78704
78705
7871
78710
78717
78721
78722
78723
78724
78725
78726
78727
78728
78729
78730
78731
78732
78733
78734
78735
78736
78738
78739
7874
78741
78742
78744
78745
78746
78747
78748
78749
78750
78751
78752
78753
78754
78756
78757
78758
78759
7876
78762
78763
7877
7878
7879
7880
78801
7882
78826
78833
78840
7885
78852
78873
7891
78943
7901
79021
7920
7921
7922
7924
7926
7927
7928
7930
7931
7932
7933
7934
7935
7936
7938
7940
7945
7946
7950
79501
79508
79510
79521
79525
79553
79556
79562
7960
79601
79602
79605
79606
7962
79701
79705
79706
79707
79718
79720
79734
7974
79743
79745
79746
7976
79762
79763
79765
7977
79772
79780
7979
7980
7981
79821
79830
79831
79835
79836
79842
79843
79845
79901
79902
79903
79904
79905
79906
79907
79911
79912
79915
79922
79924
79925
79927
79928
79930
79932
79934
79935
79936
79938
8001
8002
8003
8004
8005
8006
8007
8008
8009
8010
8011
8012
8014
8015
8016
8018
8019
8020
8021
8022
8023
8024
8025
8026
8027
8028
8029
8030
8031
8032
8033
8034
8035
8036
8037
8038
8039
8041
8042
8043
80437
8045
8046
8048
8049
8050
8051
8052
8053
8054
8055
8056
8057
8058
8059
8060
8061
8062
8063
8064
8065
8066
8067
8068
8069
8070
8071
8072
8073
8074
8075
8077
8078
8079
8080
8081
8082
8083
8084
8085
8086
8087
8088
8089
8090
8091
8092
8093
8094
8095
8096
8097
8098
8101
8102
8103
8104
8105
8106
8107
8108
8109
8110
8195
8201
8202
8203
8204
8205
82085
8210
8212
8213
8214
8215
8217
8218
8219
8220
8221
8223
8224
8225
8226
8228
8230
8231
8232
8233
8234
82342
82375
8240
8241
8242
8243
8244
8245
8246
8247
8248
8249
8250
8251
8252
8255
8257
82598
8260
8266
8270
8300
8302
8304
831
8310
8311
8312
8313
8314
8315
8316
8317
8318
8319
8320
8321
8322
8323
8324
8326
8327
8328
8329
8330
8332
8337
8340
8341
8342
8343
8344
8345
8346
8347
8348
8349
8350
8351
8352
8353
83553
8356
83578
8358
83587
8360
8361
83662
83714
8400
8401
8402
8403
8405
84059
8406
84153
84338
84364
84440
84604
8461
84741
8478
8491
85001
85002
85003
85004
85005
85006
85007
85008
85009
8501
85012
85013
85014
85015
85016
85017
85018
85019
8502
85020
85021
85022
85023
85024
85026
85027
85028
85029
85031
85032
85033
85034
85035
85037
85038
85039
8504
85040
85041
85042
85043
85044
85045
85048
8505
85050
85051
85053
85054
85058
85062
85068
85069
85080
85083
85085
85086
85087
85099
8510
85104
8511
85118
85119
8512
85120
85121
85122
85123
85127
85128
85130
85131
85132
85135
85137
85138
85139
8514
85140
85141
85142
85143
85145
8515
85173
8518
85191
85192
85193
85194
8520
85201
85202
85203
85204
85205
85206
85207
85208
85209
8521
85210
85211
85212
85213
85215
85217
85218
85219
85220
85222
85223
85224
85225
85226
85228
85231
85232
85233
85234
85235
85236
85240
85242
85243
85244
85248
85249
8525
85250
85251
85253
85254
85255
85256
85257
85258
85259
8526
85260
85262
85263
85264
85266
85267
85268
85269
8527
85279
8528
85280
85281
85282
85283
85284
85285
85286
85287
85289
85295
85296
85297
85298
85299
8530
85301
85302
85303
85304
85305
85306
85307
85308
85309
85310
85311
85312
85313
85314
85315
85316
85318
85320
85321
85322
85323
85324
85325
85326
85327
85328
85329
8533
85331
85332
85333
85334
85335
85336
85337
85338
85339
8534
85340
85342
85343
85344
85345
85346
85347
85348
85349
8535
85350
85351
85353
85354
85355
85357
85358
85359
8536
85361
85362
85363
85364
85365
85366
85367
85369
85373
85374
85375
85376
85377
85378
85379
85380
85381
85382
85383
85385
85386
85387
85388
85390
85392
85393
85394
85395
85396
85397
8540
8541
85410
8542
85426
8543
85439
85441
85444
85449
8546
8550
85501
8551
8552
8553
85532
85533
85534
85538
85539
8554
85541
85543
85544
85545
85546
85547
8555
85553
85554
8556
8557
8558
8559
8560
85601
85602
85603
85605
85606
85607
85608
85609
8561
85610
85611
85613
85614
85615
85616
85617
8562
85620
85621
85622
85623
85624
85625
85626
85627
85629
85630
85631
85632
85633
85634
85635
85636
85637
85638
85640
85641
85643
85644
85645
85646
85647
85648
85650
85652
85653
85654
85658
8570
85701
85702
85704
85705
85706
85707
85708
85709
85710
85711
85712
85713
85714
85715
85716
85717
85718
85719
85723
85726
85730
85732
85734
85735
85736
85737
85738
85739
8574
85740
85741
85742
85743
85745
85746
85747
85748
85749
85750
85751
85752
85754
85755
85756
85757
8579
85807
85838
85883
85901
85902
85912
85920
85922
85923
85924
85925
85927
85928
85929
85931
85932
85933
85934
85935
85936
85937
85938
85939
85940
85975
86001
86002
86004
86005
8601
86011
86015
86017
86018
8602
86023
86024
86025
86028
86030
86032
86034
86043
86045
86046
86047
8605
8608
8609
8610
8611
8618
8619
8620
86214
86236
8625
8628
8629
86301
86303
86304
86305
86313
86314
86315
86316
86320
86321
86322
86323
86324
86325
86326
86327
86329
86331
86332
86333
86334
86335
86336
86337
86338
86339
86340
86342
86351
86354
86364
86365
86366
86367
8637
8638
86387
86396
8640
86401
86403
86404
86406
86409
8641
86413
86422
86426
86427
86429
86431
86433
86434
86436
86438
86440
86441
86442
86443
86444
86445
8645
8648
8650
8652
86543
8690
8691
87001
87002
87004
87005
87006
87008
8701
87010
87011
87015
87016
87017
87022
87023
87024
87025
87026
87027
87031
87032
87035
87036
87038
87041
87042
87043
87044
87046
87047
87048
87052
87053
87056
87058
87059
87060
87062
87064
87068
87072
87083
87101
87102
87103
87104
87105
87106
87107
87108
87109
87110
87111
87112
87113
87114
87116
87119
87120
87121
87122
87123
87124
87125
87126
87129
87131
87144
87151
87154
87176
87181
87187
87191
87192
87193
87196
87199
8720
8721
8722
8723
8724
8725
8729
8730
87301
8731
87310
87311
8732
8733
8734
8735
8736
8738
8739
8740
87401
87402
87407
87408
8741
87410
87412
87413
87415
87416
87418
8742
87445
87499
8750
87501
87502
87503
87504
87505
87506
87507
87508
87509
8751
87510
87511
87512
87513
87514
87518
87519
8752
87521
87522
87525
87527
87528
87529
8753
87530
87531
87532
87535
87537
8754
87540
87543
87544
87548
87549
8755
87550
87551
87552
87553
87556
87557
8756
87560
87562
87564
87565
87567
87569
8757
87571
87574
87578
87579
8758
87580
87581
87582
87583
8759
87592
87594
8768
87701
87710
87713
87718
87722
87731
87732
87734
87740
87742
87745
87747
87753
87801
87812
87814
87821
87823
87825
87830
87832
87901
87931
87935
87937
87939
87942
88000
88001
88002
88004
88005
88006
88007
88008
8801
88011
88012
88013
8802
88021
88022
88023
88026
88027
88028
88029
8803
88030
88031
88032
88033
88034
88038
8804
88041
88042
88043
88044
88045
88046
88047
88048
88049
8805
88051
88052
88053
88054
88055
88056
88058
88059
88061
88062
88063
88065
8807
88072
88077
8808
88081
8809
8810
88101
8812
88124
88130
8815
8816
8817
8818
8820
88201
88202
88203
8821
88210
8822
88220
8823
8824
88240
88242
8825
8826
88260
88265
8827
8828
8829
8830
88301
88303
8831
88310
88311
88312
88316
88317
88318
8832
88321
88325
8833
88337
88339
8834
88341
88342
88345
88346
8835
88350
88352
88354
88355
8836
8837
8840
88401
88415
88419
88424
88431
88435
8844
8846
8848
8850
88507
8852
8853
88539
8854
8855
8857
8858
8859
8861
8862
8863
8865
8867
8868
8869
8870
8872
8873
8875
8876
8877
8879
8880
8882
8884
8885
8886
8887
8888
8889
8901
8902
8903
8904
8906
89085
89091
89107
89119
89305
89326
8933
89383
89395
8944
89442
89712
89750
90001
90002
90003
90004
90005
90006
90007
90008
90010
90011
90012
90013
90014
90015
90016
90017
90018
90019
90020
90021
90022
90023
90024
90025
90026
90027
90028
90029
90031
90032
90033
90034
90035
90036
90037
90038
90039
90040
90041
90042
90043
90044
90045
90046
90047
90048
90049
90050
90053
90055
90056
90057
90058
90059
90060
90061
90062
90063
90064
90065
90066
90067
90068
90069
90073
90074
90077
90086
90094
90173
90201
90204
90209
90210
90211
90212
90213
90220
90221
90222
90230
90232
90233
90240
90241
90242
90245
90247
90248
90249
90250
90251
90254
90255
90260
90261
90262
90263
90264
90265
90266
90267
90270
90271
90272
90274
90275
90277
90278
90280
90290
90291
90292
90293
90294
90301
90302
90303
90304
90305
90311
90320
90401
90402
90403
90404
90405
90406
90409
90428
90501
90502
90503
90504
90505
90601
90602
90603
90604
90605
90606
90608
90610
90620
90621
90622
90623
90625
90630
90631
90633
90637
90638
90640
90650
90660
90670
90680
90700
90701
90702
90703
90704
90706
90710
90711
90712
90713
90714
90715
90716
90717
90720
90722
90723
90727
90731
90732
90740
90742
90743
90744
90745
90746
90755
90801
90802
90803
90804
90805
90806
90807
90808
90810
90813
90814
90815
90822
90880
90914
91001
91006
91007
91008
91010
91011
91016
91017
91020
91024
91030
91040
91041
91042
91043
91091
91101
91103
91104
91106
91107
91108
91109
91213
91214
91301
91302
91303
91304
91305
91306
91307
91309
91310
91311
91313
91316
91319
91320
91321
91324
91325
91326
91327
91328
91330
91331
91335
91336
91340
91341
91342
91343
91344
91345
91346
91350
91351
91352
91353
91354
91355
91356
91357
91359
91360
91361
91362
91363
91364
91365
91367
91371
91376
91377
91380
91381
91383
91384
91387
91390
91391
91401
91402
91403
91404
91405
91406
91410
91411
91416
91423
91436
91450
91452
91463
91504
91505
91506
91521
91601
91602
91604
91605
91606
91607
91608
91630
91701
91702
91706
91708
91709
91710
91711
91714
91719
91721
91722
91723
91724
91729
91730
91731
91732
91733
91734
91737
91739
91740
91741
91744
91745
91746
91748
91750
91752
91754
91755
91756
91758
91759
91760
91761
91762
91763
91764
91765
91766
91767
91768
91769
91770
91771
91772
91773
91775
91776
91778
91780
91784
91785
91786
91788
91789
91790
91791
91792
91793
91801
91803
91804
91901
91902
91903
91905
91906
91909
91910
91911
91913
91914
91915
91916
91917
91931
91932
91934
91935
91941
91942
91945
91948
91950
91960
91962
91963
91977
91978
91980
91981
92003
92004
92007
92008
92009
92010
92011
92012
92014
92017
92019
92020
92021
92023
92024
92025
92026
92027
92028
92029
92030
92031
92033
92036
92037
92040
92041
92042
92046
92049
92050
92054
92055
92056
92057
92058
92059
92060
92061
92062
92064
92065
92066
92067
92069
92070
92071
92074
92075
92076
92078
92081
92082
92083
92084
92085
92086
92087
92089
92091
92093
92101
92102
92103
92104
92105
92106
92107
92108
92109
92110
92111
92112
92113
92114
92115
92116
92117
92118
92119
92120
92121
92122
92123
92124
92126
92127
92128
92129
92130
92131
92132
92133
92136
92139
92140
92145
92154
92161
92173
92177
92179
92180
92182
92188
92199
92201
92203
92210
92211
92220
92223
92225
92226
92227
92230
92231
92233
92234
92236
92239
92240
92241
92243
92244
92247
92249
92250
92251
92252
92253
92254
92255
92256
92257
92258
92260
92261
92262
92263
92264
92266
92267
92268
92270
92273
92274
92275
92276
92277
92281
92282
92283
92284
92285
92286
92301
92305
92307
92308
92309
92310
92311
92312
92313
92314
92315
92316
92317
92318
92320
92321
92322
92324
92325
92327
92328
92329
92331
92332
92333
92334
92335
92336
92337
92338
92339
92340
92341
92342
92344
92345
92346
92347
92350
92352
92354
92356
92358
92359
92360
92363
92364
92365
92367
92368
92370
92371
92372
92373
92374
92375
92376
92377
92378
92379
92382
92384
92385
92386
92389
92391
92392
92393
92394
92395
92397
92398
92399
92401
92404
92405
92406
92407
92408
92409
92410
92411
92415
92416
92418
92424
92440
92446
92491
92501
92503
92504
92505
92506
92507
92508
92509
92514
92518
92519
92525
92530
92531
92532
92535
92536
92539
92542
92543
92544
92545
92546
92548
92549
92551
92552
92553
92554
92555
92557
92561
92562
92563
92564
92567
92570
92571
92577
92581
92582
92583
92584
92585
92586
92587
92589
92590
92591
92592
92593
92594
92595
92596
92599
92602
92603
92604
92605
92606
92607
92609
92610
92612
92614
92615
92616
92617
92618
92619
92620
92621
92623
92624
92625
92626
92627
92629
92630
92637
92641
92646
92647
92648
92649
92650
92651
92652
92653
92654
92655
92656
92657
92658
92660
92661
92662
92663
92672
92673
92675
92676
92677
92678
92679
92683
92684
92688
92691
92692
92694
92698
92701
92702
92703
92704
92705
92706
92707
92708
92709
92710
92711
92728
92757
92762
92770
92780
92782
92801
92802
92804
92806
92807
92808
92821
92823
92829
92831
92832
92833
92835
92836
92840
92841
92843
92844
92845
92856
92860
92861
92862
92863
92865
92866
92867
92868
92869
92870
92871
92877
92879
92880
92881
92882
92883
92885
92886
92887
92910
92911
92920
93001
93002
93003
93004
93006
93009
93010
93011
93012
93013
93014
93015
93020
93021
93022
93023
93024
93030
93033
93034
93035
93036
93040
93041
93044
93060
93062
93063
93064
93065
93066
93067
93101
93103
93105
93106
93108
93109
93110
93111
93114
93116
93117
93120
93145
93150
93201
93202
93203
93204
93205
93206
93207
93208
93210
93212
93215
93216
93217
93218
93219
93220
93221
93222
93223
93224
93225
93226
93227
93230
93232
93234
93235
93238
93239
93240
93241
93242
93243
93244
93245
93246
93247
93249
93250
93251
93252
93254
93255
93256
93257
93260
93261
93262
93263
93265
93266
93267
93268
9327
93270
93271
93272
93274
93275
93276
93277
93279
93280
93282
93283
93285
93286
93287
93290
93291
93292
93293
93301
93303
93304
93305
93306
93307
93308
93309
93311
93312
93313
93314
93380
93386
93401
93402
93403
93405
93407
93411
93412
93420
93421
93422
93423
93424
93426
93427
93428
93429
93430
93432
93433
93434
93435
93436
93438
93440
93441
93442
93444
93445
93446
93447
93448
93449
93450
93451
93452
93453
93454
93455
93456
93458
93460
93461
93463
93464
93465
93466
93472
93501
93504
93505
93510
93511
93512
93513
93514
93515
93516
93517
93518
93519
93523
93526
93527
93528
93529
93530
93531
93532
93534
93535
93536
93540
93541
93543
93544
93545
93546
93548
93549
93550
93551
93552
93553
93554
93555
93556
93557
93558
93560
93561
93562
93563
93567
93581
93591
93599
93601
93602
93603
93604
93605
93606
93607
93608
93609
93610
93611
93612
93613
93614
93615
93616
93618
93619
93620
93621
93622
93624
93625
93626
93627
93628
93630
93631
93632
93634
93635
93636
93637
93638
93639
93640
93641
93643
93644
93645
93646
93647
93648
93650
93651
93652
93653
93654
93656
93657
93660
93661
93662
93664
93665
93666
93667
93668
93669
93670
93673
93675
93677
93701
93702
93703
93704
93705
93706
93707
93710
93711
93712
93718
93720
93721
93722
93723
93724
93725
93726
93727
93728
93729
93730
93737
93744
93760
93772
93776
93790
93793
93822
93867
93900
93901
93905
93906
93907
93908
93915
93920
93921
93922
93923
93924
93925
93926
93927
93928
93930
93932
93933
93940
93942
93950
93953
93954
93955
93960
93962
93963
94002
94005
94008
94010
94012
94014
94015
94017
94018
94019
94020
94021
94022
94023
94024
94025
94026
94027
94028
94030
94031
94032
94033
94035
94037
94038
94039
94040
94041
94042
94043
94044
94060
94061
94062
94063
94065
94066
94070
94074
94080
94081
94085
94086
94087
94089
94093
94101
94102
94103
94104
94105
94106
94107
94108
94109
94110
94111
94112
94114
94115
94116
94117
94118
94119
94121
94122
94123
94124
94126
94127
94131
94132
94133
94134
94137
94139
9414
94143
94158
9416
94166
94168
94188
94203
94208
94301
94303
94304
94305
94306
94309
94331
94341
94346
94362
94401
94402
94403
94404
94422
94502
94503
94504
94505
94506
94507
94508
94509
94510
94511
94512
94513
94514
94515
94516
94517
94518
94519
94520
94521
94522
94523
94525
94526
94527
94528
94530
94531
94533
94534
94535
94536
94537
94538
94539
94540
94541
94542
94543
94544
94545
94546
94547
94548
94549
94550
94551
94552
94553
94555
94556
94558
94559
94560
94561
94562
94563
94564
94565
94566
94567
94568
94569
94570
94571
94572
94573
94574
94576
94577
94578
94579
94580
94581
94582
94583
94585
94586
94587
94588
94589
94590
94591
94592
94594
94595
94596
94597
94598
94599
94600
94601
94602
94603
94604
94605
94606
94607
94608
94609
94610
94611
94612
94618
94619
94621
94624
94639
94646
94667
94672
94691
94695
94701
94702
94703
94704
94705
94706
94707
94708
94709
94710
94798
94801
94802
94803
94804
94805
94806
94807
94808
94824
94841
94901
94903
94904
94914
94919
94920
94922
94923
94924
94925
94926
94927
94928
94929
94930
94931
94933
94937
94938
94939
94940
94941
94942
94943
94945
94946
94947
94948
94949
94950
94951
94952
94954
94955
94956
94957
94960
94963
94964
94965
94966
94970
94971
94972
94973
94975
94978
94979
94985
94993
94994
95001
95002
95003
95004
95005
95006
95007
95008
95010
95012
95013
95014
95015
95017
95018
95019
95020
95023
95024
95028
95030
95032
95033
95035
95037
95038
95039
95041
95043
95044
95045
95046
95048
95050
95054
95060
95062
95063
95064
95065
95066
95070
95073
95075
95076
95078
95080
95101
95110
95111
95112
95113
95116
95117
95118
95119
95120
95121
95122
95123
95124
95125
95126
95127
95128
95129
95130
95131
95132
95133
95134
95135
95136
95138
95139
95140
95141
95148
95151
95154
95177
95201
95202
95203
95204
95205
95206
95207
95209
95210
95212
95215
95219
95220
95221
95222
95223
95224
95225
95226
95227
95228
95229
95230
95231
95232
95233
95236
95237
95240
95241
95242
95243
95245
95246
95247
95248
95249
95250
95251
95252
95253
95254
95255
95257
95258
95261
95264
95298
95301
95303
95304
95305
95306
95309
95310
95311
95312
95313
95316
95317
95318
95320
95321
95322
95325
95327
95329
95330
95333
95334
95336
95337
95338
9534
95340
95341
95345
95346
95347
95348
95356
95357
95358
95360
95361
95362
95363
95364
95365
95366
95367
95369
95370
95372
95374
95375
95376
95377
95378
95379
95383
95385
95386
95387
95388
95389
95391
95401
95403
95404
95405
95406
95407
95408
95409
95410
95412
95415
95417
95418
95419
95420
95421
95422
95423
95424
95425
95426
95427
95428
95429
95430
95432
95435
95436
95437
95439
95440
95441
95442
95443
95444
95445
95446
95448
95449
95450
95451
95452
95453
95454
95456
95457
95458
95459
95460
95461
95462
95463
95464
95465
95466
95467
95468
95469
95470
95471
95472
95473
95474
95476
95478
95480
95481
95482
95485
95488
95490
95492
95493
95494
95497
95498
95501
95503
95510
95511
95514
95518
95519
95521
95524
95525
95526
95527
95528
95531
95536
95540
95541
95542
95546
95547
95549
95551
95553
95554
95555
95556
95558
95559
95560
95562
95563
95564
95565
95569
95570
95571
95572
95573
95585
95587
95589
95601
95602
95603
95604
95605
95606
95607
95608
95609
95610
95611
95612
95613
95614
95615
95616
95618
95619
95620
95621
95623
95624
95625
95626
95627
95628
95629
95630
95631
95632
95633
95634
95635
95636
95637
95638
95640
95641
95642
95645
95647
95648
95649
95650
95651
95652
95653
95654
95655
95656
95658
95659
9566
95660
95661
95662
95663
95664
95665
95666
95667
95668
95669
95670
95671
95672
95673
95674
95675
95676
95677
95678
95679
95680
95681
95682
95683
95684
95685
95686
95687
95688
95689
95690
95691
95692
95693
95694
95695
95696
95697
95698
95699
9570
95701
95703
95709
95712
95713
95714
95717
95720
95722
95724
95726
95728
95735
95736
95740
95741
95742
95743
95746
95747
95757
95758
95759
95762
95763
95765
95766
95776
95778
95782
95798
95799
95806
95811
95812
95814
95815
95816
95817
95818
95819
95820
95821
95822
95823
95824
95825
95826
95827
95828
95829
95830
95831
95832
95833
95834
95835
95836
95837
95838
95841
95842
95843
95846
95848
95851
95852
95853
95858
95860
95864
95876
95901
95903
95911
95912
95913
95914
95915
95916
95917
95918
95919
95920
95922
95925
95926
95927
95928
95930
95932
95934
95935
95936
95937
95938
95939
95941
95942
95943
95945
95946
95947
95948
95949
95950
95951
95953
95954
95955
95956
95957
95958
95959
95960
95961
95962
95963
95964
95965
95966
95967
95968
95969
95970
95971
95972
95973
95974
95975
95976
95977
95978
95979
95982
95983
95984
95987
95988
95991
95992
95993
96001
96002
96003
96005
96007
96008
96009
96011
96013
96014
96016
96019
96020
96021
96022
96023
96025
96027
96028
96029
96032
96033
96034
96035
96037
96038
96040
96044
96047
96049
96050
96051
96055
96056
96057
96058
96059
96062
96063
96064
96065
96067
96068
96069
96073
96074
96075
96076
96078
96080
96084
96087
96088
96090
96092
96094
96095
96096
96097
96101
96104
96125
96134
96137
9624
96272
96322
96521
9663
96675
96747
96765
96819
96879
97002
97003
97005
97006
97007
97008
97013
97014
97015
97016
97018
97019
97020
97021
97023
97024
97026
97027
97029
97030
97031
97034
97035
97037
97038
97039
97040
97041
97042
97044
97045
97048
97051
97053
97054
97055
97056
97057
97058
97060
97062
97063
97064
97068
97070
97071
97080
97086
97089
97101
97103
97107
97108
97110
97111
97112
97113
97114
97116
97119
97123
97124
97125
97127
97128
97130
97131
97132
97133
97138
97140
97141
97146
97147
97148
97149
97201
97202
97203
97206
97209
97210
97211
97212
97213
97214
97215
97216
97217
97218
97219
97220
97221
97222
97223
97224
97225
97229
97230
97231
97232
97233
97236
97239
9724
97266
97267
97301
97302
97303
97304
97305
97306
97317
97320
97321
97322
97324
97325
97326
97327
97330
97333
97338
97339
97341
97342
97343
97348
97351
97352
97355
97357
97358
97360
97361
97365
97366
97367
97368
97369
97370
97371
97374
97376
97377
97380
97381
97383
97385
97386
97389
97390
97391
97392
97394
97401
97402
97403
97404
97405
97408
97410
97411
97412
97414
97415
97416
97417
97419
97420
97423
97424
97425
97426
97429
97431
97432
97434
97436
97437
97438
97439
97440
97441
97444
97446
97447
97448
97449
97451
97453
97454
97455
97456
97457
97458
97459
97461
97462
97463
97464
97467
97469
97470
97471
97475
97476
97477
97478
97479
97484
97486
97487
97488
97489
97492
97493
97496
97497
97498
97501
97502
97503
97504
97520
97523
97524
97525
97526
97527
97530
97534
97537
97538
97539
97540
97541
97543
97544
97601
97603
97621
97623
97624
97625
97626
97627
97630
97632
97633
97637
97638
97639
97640
97641
97663
97701
97702
97703
97707
97708
97709
97711
97720
97730
97734
97735
97736
97737
97738
97739
97741
97750
97751
97752
97753
97754
97756
97758
97759
97760
97761
97801
97810
97814
97820
97824
97825
97826
97827
97828
97830
97833
97834
97836
97838
97839
97841
97845
97846
97848
97850
97856
97857
97862
97864
97865
97867
97868
97869
97870
97875
97876
97877
97880
97882
97883
97885
97901
97913
97914
97918
97939
98001
98002
98003
98004
98005
98006
98007
98008
98011
98012
98014
98019
98020
98021
98022
98023
98026
98027
98028
98029
98030
98031
98033
98034
98035
98036
98037
98038
98040
98042
98043
98045
98046
98050
98051
98052
98053
98055
98056
98057
98058
98059
98065
98070
98072
98074
98075
98077
98087
98092
98101
98102
98103
98105
98106
98107
98108
98109
98110
98112
98114
98115
98116
98117
98118
98119
98122
98125
98126
98133
98134
98136
98144
98146
98155
98166
98168
98177
98178
98188
98198
98199
98201
98203
98204
98206
98208
98220
98221
98223
98225
98226
98228
98229
98230
98231
98232
98233
98236
98237
98238
98239
98240
98241
98243
98244
98245
98247
98248
98249
98250
98252
98257
98258
98260
98261
98262
98264
98266
98270
98271
98272
98273
98274
98275
98277
98279
98280
98282
98284
98290
98292
98294
98296
98303
98304
98310
98311
98312
98320
98321
98323
98325
98327
98328
98329
98332
98333
98335
98337
98338
98339
98340
98342
98344
98346
98349
98351
98355
98356
98358
98359
98360
98362
98363
98365
98366
98367
98368
98370
98371
98372
98373
98374
98375
98376
98377
98380
98382
98383
98387
98388
98390
98391
98394
98395
98402
98403
98404
98405
98406
98407
98408
98409
98418
98422
98424
98443
98444
98445
98446
98465
98466
98467
98498
98499
98501
98502
98503
98506
98507
98512
98513
98516
98520
98524
98528
98531
98532
98535
98537
98541
98546
98550
98557
98563
98564
98568
98569
98570
98571
98576
98577
98579
98580
98582
98584
98585
98586
98588
98589
98591
98596
98597
98601
98603
98604
98606
98607
98611
98612
98617
98619
98620
98624
98625
98626
98629
98631
98632
98635
98638
98640
98642
98643
98644
98645
98647
98648
98649
98650
98651
98654
98660
98661
98662
98663
98664
98665
98667
98670
98671
98672
98673
98674
98675
98682
98683
98684
98685
98686
98801
98802
98812
98821
98823
98826
98828
98833
98837
98840
98841
98843
98844
98848
98851
98855
98856
98857
98862
98901
98902
98903
98908
98909
98922
98923
98926
98930
98932
98933
98936
98937
98938
98939
98940
98941
98942
98943
98944
98947
98948
98950
98951
98952
98953
99003
99004
99005
99006
99008
99009
99012
99013
99016
99018
99019
99021
99022
99023
99025
99026
99027
99029
99030
99031
99032
99033
99034
99036
99037
99040
99101
99103
99109
99110
99111
99114
99117
99118
99119
99121
99122
99123
99125
99126
99131
99141
99147
99148
99156
99158
99159
99161
99163
99166
99169
99170
99171
99181
99185
99201
99202
99203
99204
99205
99206
99207
99208
99212
99216
99217
99218
99220
99223
99224
99301
99320
99322
99323
99324
99326
99328
99335
99336
99337
99338
99341
99343
99344
99347
99348
99349
99350
99352
99353
99354
99360
99361
99362
99402
99403
inois
nan
redac
